3
4
5
6
7
8
9
10
11
12
13
14
15
16
17
18
19
2
4
5
6
7
8
12
14
17
18
19
114
348
593
811
1117
1133
1166
1312
1410
2
3
5
6
7
8
9
10
11
12
13
14
15
16
17
18
19
34
114
348
418
593
624
811
847
849
863
873
1117
1166
1312
1410
1612
2
3
4
6
7
8
9
10
11
12
13
14
15
16
17
18
19
43
55
114
416
593
819
1005
1007
1137
1166
1206
1434
1437
1784
2
3
4
5
7
12
17
18
19
114
348
811
1312
1410
2
3
4
5
6
12
17
18
19
114
348
811
1312
2
3
4
5
34
197
356
416
418
593
676
756
757
758
759
843
1001
2
4
5
10
11
23
51
417
560
1230
1231
1421
1568
1642
2
4
5
9
11
351
553
558
640
679
798
829
1539
1772
2
4
5
9
10
350
351
553
558
640
699
798
829
934
1274
1539
1616
1772
2
3
4
5
6
7
14
17
18
19
26
47
145
268
371
414
415
416
417
418
419
989
1009
1413
1419
1528
1719
1785
2
4
5
14
16
43
85
86
236
533
541
668
684
815
862
866
867
873
946
1005
1009
1163
1165
1169
1171
1296
1297
1298
1299
1300
1301
2
3
4
5
12
13
26
34
145
415
416
417
418
676
1001
1009
1434
2
4
5
60
124
253
320
447
493
541
573
574
660
724
794
797
817
820
884
1044
1675
1886
2
4
5
13
457
458
514
1138
2173
2208
2
3
4
5
6
7
12
18
19
156
179
182
387
388
389
390
391
400
403
404
405
601
602
603
604
605
606
607
608
609
610
611
612
613
614
615
616
617
618
619
620
621
622
623
624
2
3
4
5
6
7
12
17
19
101
102
106
148
156
352
387
388
389
390
391
392
393
397
398
399
400
403
404
405
899
1321
2
3
4
5
6
7
12
17
18
49
65
67
68
69
70
71
143
145
381
386
614
858
947
948
949
952
953
1357
1441
2011
22
23
24
25
26
27
28
29
30
31
32
33
34
35
36
37
38
39
40
41
42
43
44
45
46
47
48
49
50
51
52
53
54
55
56
57
58
59
60
61
62
63
64
65
66
67
68
69
70
71
72
73
74
75
21
23
25
26
32
46
48
50
51
52
64
75
136
139
140
356
357
358
573
574
637
665
666
667
716
721
728
1021
1022
1023
9
21
22
31
35
48
50
51
52
75
136
139
140
356
357
358
376
417
503
557
573
574
636
637
665
666
667
721
869
1021
1022
1023
1061
1472
1717
1718
1719
1745
1746
21
25
26
109
263
299
300
324
327
336
366
372
569
958
1368
1454
1455
21
22
24
26
29
32
37
46
47
48
58
66
68
71
129
241
242
243
244
263
273
299
300
324
331
349
354
355
366
373
503
661
707
708
711
735
736
958
1668
1704
2036
2099
12
14
21
22
24
25
43
47
55
64
70
145
172
173
358
414
415
416
417
418
419
562
575
724
819
989
1001
1003
1005
1007
1009
1025
1027
1028
21
28
29
30
31
463
21
27
29
30
31
40
64
66
102
148
363
365
366
367
370
371
433
446
470
570
644
709
836
895
898
982
1018
1083
1084
1085
1090
1091
1093
1108
1114
1286
1300
1390
1391
1456
1462
1463
1874
21
25
27
28
30
31
300
354
355
362
366
373
570
608
711
958
1717
21
27
28
29
31
441
463
476
568
570
1488
1489
1490
1491
1492
1493
1494
1495
1496
1497
1498
21
23
27
28
29
30
32
35
36
51
64
67
68
69
70
71
300
354
362
366
371
459
460
461
470
494
570
612
1463
1633
1669
1874
1944
21
22
25
31
986
1633
21
34
39
48
49
53
54
55
57
61
62
63
152
155
157
159
167
174
289
326
357
524
525
526
527
528
529
532
746
772
822
845
858
943
944
945
991
992
1634
1756
1885
4
8
14
21
33
38
55
70
145
319
356
415
416
417
418
448
528
593
675
676
756
757
758
759
772
842
843
847
848
876
971
1000
1001
1026
1028
1029
1248
1249
1387
1388
1402
1434
1435
1842
21
23
31
36
51
113
301
1385
1513
21
31
35
46
48
67
68
69
70
71
357
358
730
1719
21
25
47
48
58
72
73
74
503
730
21
34
674
675
676
677
717
848
952
1724
1725
21
33
54
909
910
21
28
41
148
462
470
1083
1144
1286
1462
1883
1884
21
40
44
139
349
360
369
457
458
459
460
462
464
465
469
544
545
570
603
617
703
706
707
981
1013
1016
1037
1142
1210
1462
1463
1464
1465
1569
1922
2021
21
72
128
139
205
206
207
208
209
210
211
212
213
214
215
216
217
236
247
256
265
266
268
269
270
300
330
346
348
349
355
362
366
367
370
371
442
490
497
575
578
583
587
621
624
730
800
849
882
885
886
989
995
1026
1047
1091
1126
1166
1283
1335
1407
1408
1409
1419
1420
1421
1455
1525
1719
1723
1787
1795
5
13
21
26
44
45
55
134
172
173
416
417
558
819
858
1001
1002
1003
1004
1005
1006
1007
1008
1009
1010
21
41
43
45
55
61
294
349
544
603
612
1001
1003
1005
1006
1011
1012
1013
1014
1015
1016
1017
1018
1019
1020
21
43
44
53
54
55
62
319
418
524
527
528
531
533
869
1001
1003
1005
1008
1010
1029
1076
1077
1190
1341
2142
21
22
25
36
47
48
66
360
369
1182
1183
12
21
25
26
37
46
48
55
65
66
70
145
147
172
358
414
415
416
417
418
419
819
982
989
1005
1007
1009
1025
1027
1028
1300
1612
21
22
23
25
33
36
37
46
47
58
62
63
66
73
122
171
257
319
326
356
357
358
359
551
561
675
716
729
730
980
1634
19
21
33
71
858
952
953
21
22
23
51
52
9
21
22
23
31
35
50
52
75
417
1385
1718
21
22
23
50
51
58
72
75
289
304
339
417
503
721
980
21
33
45
54
55
62
63
418
533
1029
1341
2142
21
33
39
45
53
55
62
252
346
390
416
492
524
527
528
531
646
647
677
859
869
909
910
911
1170
1172
1201
1435
1507
1539
1551
1605
1639
1726
1727
1857
2206
5
21
26
33
34
43
44
45
47
53
54
62
63
134
145
155
157
172
173
319
415
416
417
418
524
525
526
527
528
531
533
554
647
676
677
716
724
730
819
869
880
1001
1002
1003
1004
1005
1006
1007
1008
1010
1029
1076
1077
1170
1172
1182
1190
1341
1434
1435
1437
1639
1857
2142
21
57
58
60
72
124
137
149
259
262
271
276
277
285
287
291
293
305
320
323
324
326
328
334
370
465
503
556
570
636
639
884
1247
1404
1449
1463
1464
1511
1550
1551
1552
21
33
56
58
720
800
801
803
849
858
943
944
945
1617
1909
1992
2189
21
25
37
48
52
56
57
59
72
149
150
289
291
320
326
328
349
441
475
503
556
557
661
730
768
1097
1098
1166
1283
1300
1407
1464
1511
1550
1551
1552
1596
1784
21
58
60
72
90
103
128
255
256
257
259
262
263
265
275
277
285
287
289
291
293
294
320
322
325
328
349
453
465
493
500
503
573
574
579
582
601
603
606
612
658
660
661
662
669
670
1076
1078
1079
1215
1245
1284
1625
1818
15
21
56
59
103
124
128
253
256
262
285
288
289
320
328
334
447
453
493
500
541
573
574
579
580
583
585
601
606
612
660
669
824
825
884
1102
1258
1293
21
33
44
360
544
603
608
617
1013
1020
1418
1467
1547
1553
1786
1989
21
33
45
48
53
54
55
63
171
357
418
524
527
528
531
533
559
675
716
729
730
869
1165
1182
1234
1341
2142
21
33
48
53
55
62
171
357
675
716
729
730
1004
2043
21
22
26
28
31
66
101
102
146
147
148
149
150
259
272
300
320
336
354
355
360
361
362
363
364
365
366
367
368
369
370
371
373
402
466
470
495
707
709
710
711
834
895
982
1022
1083
1084
1085
1086
1087
1088
1089
1090
1091
1092
1093
1094
19
21
47
66
243
292
439
457
458
706
715
806
807
808
809
21
25
28
46
47
48
64
65
147
148
149
150
361
366
367
373
709
900
982
1085
1087
1088
1093
1300
1612
1719
19
21
31
36
68
69
70
71
143
173
324
415
856
858
947
948
949
957
958
19
21
25
31
36
67
69
70
71
109
173
263
299
324
377
378
730
856
858
869
947
957
958
1419
1646
19
21
31
36
67
68
70
71
856
858
958
19
21
26
31
34
36
47
67
68
69
71
143
145
173
356
415
417
418
676
730
758
856
858
869
958
989
1025
1027
1028
1419
19
21
25
31
36
49
67
68
69
70
377
378
856
858
952
953
958
21
37
42
52
56
58
59
128
139
149
150
246
255
256
258
259
260
261
262
263
266
273
276
277
278
279
280
281
282
287
289
290
291
292
293
294
295
296
297
298
300
303
304
320
321
326
328
331
332
336
339
349
355
367
457
458
466
493
494
503
579
582
601
612
624
661
669
702
706
707
711
726
735
836
837
839
840
981
1078
1166
1283
1284
1285
1286
21
37
48
74
145
358
417
551
552
553
554
555
556
557
558
559
560
561
562
1116
1185
1585
1654
1703
21
37
73
551
562
1116
21
22
23
51
52
136
139
140
376
573
574
637
665
666
667
721
1021
1022
1023
1061
1472
1745
1746
78
79
80
81
82
77
79
80
81
89
124
740
745
847
1101
1102
1190
1254
1255
1256
1257
1258
1259
1260
77
78
80
81
82
197
385
386
679
681
684
686
884
950
1103
1697
77
78
79
77
78
79
82
96
124
197
348
385
386
679
681
684
686
847
950
1101
1102
1103
1298
1459
1697
1841
77
79
81
96
197
530
1103
1256
1840
84
85
86
87
88
89
90
91
92
93
94
95
96
97
98
99
83
86
89
96
207
209
212
218
220
224
229
528
1705
13
83
86
87
88
90
91
92
93
96
98
99
195
307
313
447
449
502
541
602
649
652
653
654
655
668
680
723
803
1054
1234
1296
1358
1363
1556
1713
1714
1715
1732
1733
13
83
84
85
91
96
99
208
216
242
244
346
442
533
815
862
863
864
865
867
868
870
872
1160
1163
1249
1296
1358
1706
83
85
88
90
91
92
96
306
307
348
649
671
811
1358
1413
1732
1905
1906
83
85
87
449
541
1376
1556
78
83
84
121
135
319
528
531
666
842
843
847
883
945
1221
1255
1351
1523
1524
1526
1588
59
83
85
87
91
92
98
99
447
680
803
1078
1413
1421
1713
1714
1715
1732
1905
1906
83
85
86
87
90
92
242
244
307
1296
1706
83
85
87
90
91
1413
1714
1732
1905
1906
83
85
94
95
1349
1351
83
93
95
124
585
83
93
94
268
270
316
318
650
81
82
83
84
85
86
87
208
307
348
1350
1705
1840
1841
83
98
99
308
310
311
438
444
447
448
449
538
541
561
575
578
583
612
1404
1421
1568
83
85
90
97
99
112
115
124
215
265
268
269
270
274
289
301
308
310
311
323
399
438
447
448
449
501
540
541
561
572
573
574
575
576
577
578
579
580
581
582
583
584
585
586
612
1404
1405
1556
1568
83
85
86
90
97
98
215
235
447
655
1160
101
102
103
104
105
106
107
108
109
110
111
112
113
114
115
116
117
118
119
18
64
100
102
106
107
109
178
182
201
360
368
615
658
662
709
887
888
889
890
891
892
893
894
895
896
897
898
899
900
901
902
18
28
64
100
101
106
107
109
129
148
178
182
201
365
615
658
662
887
889
890
891
892
893
894
895
896
897
898
899
900
901
902
1018
1108
1114
59
60
100
104
105
110
128
178
179
256
289
500
573
574
583
601
604
605
606
612
658
663
664
669
1151
1215
1314
1681
2006
2007
2008
100
103
105
107
108
110
111
119
100
103
104
107
108
110
111
118
2081
18
100
101
102
107
615
890
891
892
100
101
102
104
105
106
108
118
119
1256
1768
1805
1876
100
104
105
107
110
118
119
24
68
100
101
102
129
147
263
299
324
336
365
366
371
900
957
958
1089
1108
1368
1717
100
103
104
105
108
111
457
458
615
1240
1608
1660
1681
1699
1700
1701
1999
2008
2047
2048
2049
2050
100
104
105
110
98
100
113
114
115
116
117
124
265
268
269
270
274
289
301
323
399
447
448
540
572
573
574
575
576
577
578
579
580
581
582
583
584
585
586
934
35
100
112
114
115
116
117
149
157
160
301
317
320
382
577
579
585
650
651
693
795
1074
1513
1571
3
4
5
6
7
100
112
113
115
116
117
152
160
317
319
554
558
622
650
651
801
821
822
842
871
925
1352
1401
1402
1472
1561
1655
98
100
112
113
114
116
117
124
129
149
160
259
265
268
269
270
274
289
291
301
323
332
399
447
448
540
572
573
574
575
576
577
578
579
580
581
582
583
584
585
586
651
795
883
934
941
1074
1571
1572
1624
1667
1668
100
112
113
114
115
117
651
874
877
878
1025
1477
1562
1563
1571
100
112
113
114
115
116
161
256
558
651
842
883
1571
1572
100
105
107
108
1256
1768
1805
1876
2081
100
104
107
108
121
122
123
124
125
89
120
122
123
124
125
314
315
319
349
610
1254
1255
48
120
121
123
124
257
287
319
326
349
350
351
352
353
354
355
356
357
358
359
360
120
121
122
124
125
736
794
797
817
820
1044
1136
1269
1610
1611
1675
1822
15
56
60
78
81
94
98
112
115
120
121
122
123
253
255
256
260
262
265
268
269
270
271
274
285
288
289
293
301
320
322
323
328
334
399
447
448
453
493
540
541
572
573
574
575
576
577
578
579
580
581
582
583
584
585
586
660
751
824
825
847
884
1074
1101
1102
1103
1258
1293
1557
1610
120
121
123
395
1254
1398
1807
128
129
42
59
60
72
103
127
129
255
256
257
266
289
349
500
538
540
601
606
610
612
669
688
750
785
849
882
885
886
1116
25
102
109
115
127
128
149
263
298
299
300
302
324
336
362
371
569
641
673
900
982
1108
1210
1285
1453
1667
1668
131
132
133
134
135
136
137
138
139
140
141
142
130
132
133
136
141
142
1584
1585
130
131
133
134
136
142
1584
1585
1654
130
131
132
134
136
141
142
694
1049
1205
1247
1584
1585
43
55
130
132
133
160
166
387
388
394
395
402
416
562
592
595
600
608
629
630
631
632
633
684
726
789
796
799
812
817
922
1001
1005
1008
1010
1070
1100
1184
1225
1227
1228
1229
1285
1304
1305
1332
1464
1505
1541
1655
1671
1691
1692
1694
1784
2013
89
130
137
138
139
140
666
691
694
696
955
1203
1351
1378
1393
22
23
75
130
131
132
133
137
138
139
140
142
573
574
636
637
638
639
665
666
667
1050
1268
1584
1585
1654
1678
56
130
135
136
138
139
142
433
636
638
639
640
641
1047
1048
1049
1050
1051
1052
1053
1054
1055
1056
1057
130
135
136
137
139
694
1042
1049
1050
1268
1586
22
23
41
42
72
75
130
135
136
137
138
140
156
266
300
331
349
352
355
360
361
372
457
458
544
573
574
624
637
665
666
667
706
707
708
709
710
738
1016
1019
1050
1051
1052
1232
1248
1268
1283
1363
1584
1586
1587
22
23
75
130
135
136
139
573
574
637
665
666
667
696
130
131
133
130
131
132
133
136
137
372
636
638
639
1268
19
67
70
144
145
143
248
785
920
1237
1249
1355
1357
1641
12
14
19
26
34
47
55
70
73
143
358
414
415
416
417
418
551
676
1009
1029
64
147
148
149
150
47
64
66
109
146
148
149
150
354
355
363
371
373
457
711
715
834
1085
1087
1456
1612
1717
18
28
40
64
66
102
146
147
149
150
300
336
361
362
363
364
365
366
367
368
369
370
371
373
390
446
709
769
898
982
1018
1067
1083
1084
1085
1087
1093
1108
1114
1286
1462
1872
1873
56
58
64
66
72
113
115
129
146
147
148
150
246
248
255
256
257
259
260
261
262
263
265
266
267
268
271
272
273
276
277
278
279
280
281
282
283
287
291
293
295
296
297
298
302
303
305
320
321
323
324
326
328
334
335
337
339
360
424
465
479
494
495
502
503
505
544
579
641
709
787
1041
1085
1087
1283
1589
1667
1668
1934
58
64
66
72
146
147
148
149
257
259
262
266
273
276
277
279
280
281
282
283
295
296
303
305
320
321
323
324
326
327
336
337
441
475
479
495
641
1085
1087
1283
1407
152
153
154
155
156
157
158
159
160
161
33
114
151
155
156
157
159
160
524
525
526
527
528
529
532
746
772
843
844
845
871
885
925
991
992
993
994
1401
1402
1880
151
151
427
1074
1314
1624
1888
2289
33
55
151
152
156
157
159
160
314
315
319
524
525
526
527
528
529
532
746
770
771
772
842
843
844
845
880
885
991
992
993
994
995
996
17
18
139
151
152
155
194
195
196
197
259
262
329
330
331
349
352
387
391
392
552
582
622
623
624
1019
1117
1256
1832
33
55
113
151
152
155
159
160
161
382
524
525
526
527
528
529
612
689
690
691
692
695
697
770
771
772
794
795
844
880
991
992
993
994
1074
1543
151
553
554
1568
1605
33
151
152
155
157
161
162
164
166
167
169
170
172
174
175
319
525
526
527
556
602
629
686
773
774
822
842
845
869
988
989
991
992
1007
1027
1176
1177
1178
1179
1275
1528
113
114
115
134
151
152
155
157
345
724
736
796
821
822
1074
1177
1185
1655
117
151
157
159
167
172
256
517
525
623
689
690
692
826
827
883
987
991
992
1027
1082
1201
1227
1228
1539
1540
1541
1542
159
163
164
165
166
167
168
169
170
171
172
173
174
175
176
162
164
165
167
168
170
171
176
556
686
717
774
1179
1275
159
162
163
165
166
167
168
169
170
171
176
359
527
555
556
558
629
686
717
720
724
773
774
819
822
875
988
989
1007
1179
1274
1275
1276
1352
1519
1528
1619
162
163
164
166
167
168
169
170
176
359
686
134
159
162
164
165
167
168
169
170
173
174
175
684
724
774
819
875
1225
1227
1228
1274
1275
1276
33
159
161
162
163
164
165
166
168
169
170
171
172
174
176
525
526
527
629
686
724
773
774
819
822
875
988
989
992
995
1027
1179
1274
1275
162
163
164
165
166
167
169
170
176
556
773
1179
1274
159
162
164
165
166
167
168
170
175
527
629
686
773
774
822
875
988
989
1007
1179
1274
1619
159
162
163
164
165
166
167
168
169
171
172
575
578
875
1007
1179
1275
48
62
63
162
163
164
167
170
172
319
356
357
555
675
716
729
730
858
1024
1179
1275
1561
26
43
47
55
159
161
162
167
170
171
173
417
556
575
819
1005
1007
1027
26
43
55
67
68
70
162
166
172
174
175
324
359
417
418
448
556
575
686
773
774
819
822
861
862
865
869
870
874
875
947
958
989
1001
1004
1007
1247
1403
1404
1405
33
159
162
166
167
173
175
319
525
526
527
602
686
723
770
773
774
822
862
863
864
865
868
869
870
872
875
989
992
1116
1175
1176
1177
1178
1519
1520
1521
159
162
166
169
173
174
684
686
1275
162
163
164
165
167
168
555
556
557
558
773
1179
178
179
180
181
182
101
102
103
177
179
180
201
342
344
365
616
887
890
891
897
898
899
900
901
902
1151
1271
1272
1313
1659
1759
1831
1834
17
103
177
178
510
615
616
890
984
985
1150
1151
1271
1272
1573
1918
177
178
1126
1303
177
486
601
613
898
935
936
1018
1057
1311
1786
17
101
102
177
570
606
614
615
889
890
1251
1416
1418
1570
184
183
628
188
189
190
187
189
190
656
657
187
188
190
968
1431
1432
1433
187
188
189
607
608
1015
1783
192
193
191
191
1778
156
195
196
197
198
85
156
194
196
197
198
593
1556
156
194
195
197
319
1751
1752
8
79
81
82
156
194
195
196
198
1751
194
195
197
225
412
1123
1158
200
201
202
203
204
199
201
202
203
204
1168
101
102
178
199
200
202
203
204
890
891
897
898
899
900
901
902
1139
199
200
201
199
200
201
204
421
199
200
201
203
421
806
807
1989
42
206
207
208
209
210
211
212
213
214
215
216
217
218
219
220
221
222
223
224
225
226
227
228
229
230
42
205
207
208
209
210
211
212
213
214
215
216
217
218
219
220
221
223
224
229
439
533
608
1231
1341
1597
42
84
205
206
208
209
210
211
212
213
214
215
216
217
218
219
220
221
222
223
224
226
229
230
342
344
376
439
533
1061
1231
1536
1705
1757
42
86
96
205
206
207
209
210
211
212
213
214
215
216
217
218
219
220
221
222
223
224
226
376
1061
1313
1349
1885
42
84
205
206
207
208
210
211
212
213
214
215
216
217
218
219
220
221
222
223
224
226
227
228
229
376
1061
1536
1705
1738
1739
42
205
206
207
208
209
211
212
213
214
215
216
217
247
346
442
882
1126
42
205
206
207
208
209
210
212
213
214
215
216
217
218
219
220
221
222
223
224
229
376
533
1061
42
84
205
206
207
208
209
210
211
213
214
215
216
217
218
219
220
221
222
223
224
229
376
439
528
531
533
807
1061
1341
1705
42
205
206
207
208
209
210
211
212
214
215
216
217
218
219
220
221
223
224
533
42
205
206
207
208
209
210
211
212
213
215
216
217
567
569
608
1425
42
98
99
205
206
207
208
209
210
211
212
213
214
216
217
218
220
221
223
1230
1231
1536
1757
42
86
205
206
207
208
209
210
211
212
213
214
215
217
243
247
275
291
326
346
348
438
439
440
441
442
443
444
454
496
497
498
499
500
541
570
621
862
867
882
995
1126
1358
1359
1455
1515
1787
2041
42
205
206
207
208
209
210
211
212
213
214
215
216
218
220
223
1757
84
205
206
207
208
209
211
212
213
215
217
219
220
221
222
223
224
229
376
533
1061
1231
1373
1374
1705
1738
1739
205
206
207
208
209
211
212
213
218
220
221
223
224
229
84
205
206
207
208
209
211
212
213
215
217
218
219
221
222
223
224
229
410
439
533
849
1231
1704
1705
1706
205
206
207
208
209
211
212
213
215
218
219
220
222
223
229
376
1061
205
207
208
209
211
212
218
220
221
223
376
1061
205
206
207
208
209
211
212
213
215
217
218
219
220
221
222
224
376
1061
84
205
206
207
208
209
211
212
213
218
219
220
223
227
228
229
608
1597
1705
198
205
666
1362
1393
2070
205
207
208
209
230
205
209
224
228
1158
1679
205
209
224
227
1158
84
205
206
207
209
211
212
218
219
220
221
224
1231
1705
205
207
226
763
1461
1626
1627
1628
232
233
234
235
236
231
233
231
232
231
235
236
99
231
234
236
655
1523
2273
2338
13
42
231
234
235
330
358
578
624
681
684
914
917
946
1039
1361
1410
1523
1639
1719
1849
238
239
237
239
967
968
969
1928
1961
1962
237
238
25
242
243
244
245
246
247
248
249
250
251
252
253
254
25
86
91
241
243
244
245
246
247
248
249
413
921
1295
1350
1376
1515
1667
1706
2065
2104
2196
25
65
216
241
242
244
292
346
496
497
25
86
91
241
242
243
245
246
248
408
443
450
1380
1706
241
242
244
246
248
249
496
1340
72
149
241
242
244
245
248
279
304
308
310
311
346
386
500
580
598
599
600
608
739
750
752
753
779
780
785
787
788
919
922
923
924
1357
1505
1506
1507
2124
42
210
216
241
242
346
442
445
621
882
995
1126
1424
144
149
241
242
244
245
246
279
297
308
346
424
599
600
752
779
785
786
787
791
919
920
921
922
923
924
925
241
242
245
438
443
241
251
252
253
241
250
252
253
816
1222
1224
1376
1457
1458
1459
1532
1726
54
241
250
251
253
390
743
966
1026
1507
1551
1726
1727
1838
2011
15
60
124
241
250
251
252
447
541
573
574
660
934
1224
1458
1532
241
59
72
124
128
149
256
257
258
259
260
261
262
263
264
265
266
267
268
269
270
271
272
273
274
275
276
277
278
279
280
281
282
283
284
285
286
287
288
289
290
291
292
293
294
42
59
60
72
103
117
124
128
149
161
255
257
259
260
261
262
266
267
268
269
277
282
289
290
291
313
320
332
339
349
493
500
501
502
540
583
601
606
612
669
882
883
884
885
886
48
59
122
128
149
150
255
256
260
263
272
276
277
296
297
303
319
324
325
326
327
336
337
356
357
358
359
360
544
709
72
255
259
260
56
59
64
72
115
149
150
156
255
256
258
260
261
262
263
266
271
273
276
277
279
280
281
282
297
305
325
328
331
332
349
457
458
466
579
582
624
706
1285
1818
72
124
149
255
256
257
258
259
261
263
266
267
268
269
273
277
278
280
281
282
291
294
297
303
305
325
326
332
335
339
375
540
583
641
1964
72
149
255
256
259
260
262
263
266
273
276
277
280
281
282
289
290
293
294
322
326
331
332
335
726
1818
56
59
60
72
124
149
150
156
255
256
259
261
263
266
268
273
276
277
280
281
282
283
284
285
287
290
291
293
296
320
321
323
324
329
330
331
332
333
334
349
453
494
579
884
1002
1102
1256
1293
1596
1832
24
25
59
68
72
109
129
149
255
257
259
260
261
262
264
265
266
276
277
280
281
282
283
284
285
286
287
289
290
297
298
299
300
303
320
324
325
332
333
336
366
372
493
494
569
900
957
958
982
1049
1108
1285
1368
1818
255
263
265
269
540
572
1041
42
59
98
112
115
124
149
255
263
264
268
269
270
274
275
277
278
279
280
288
289
293
301
320
322
323
326
399
447
448
453
540
546
572
573
574
575
576
577
578
579
580
581
582
583
584
585
586
587
882
1004
1041
1079
1557
1723
42
72
128
139
149
150
255
256
259
260
261
262
263
267
271
273
276
277
280
281
282
290
291
295
297
300
303
325
331
332
349
355
457
458
466
574
579
582
624
658
706
711
712
882
885
886
1034
1283
1818
149
255
256
260
266
271
277
289
291
293
300
303
323
326
327
641
787
12
42
95
98
112
115
124
149
255
256
260
262
265
269
270
274
288
289
301
320
323
326
334
371
399
447
448
500
540
541
572
573
574
575
576
577
578
579
580
581
582
583
584
585
586
587
643
650
659
660
668
882
941
1074
1077
1102
1723
42
98
112
115
124
255
256
260
264
265
268
270
274
289
301
323
399
447
448
540
572
573
574
575
576
577
578
579
580
581
582
583
584
585
586
587
659
882
1074
1077
1723
42
95
98
112
115
124
255
265
268
269
274
289
301
323
326
341
346
399
447
448
500
540
572
573
574
575
576
577
578
579
580
581
582
583
584
585
586
587
751
882
941
1074
1723
56
124
149
255
259
266
267
276
277
289
291
293
297
300
320
321
322
323
324
325
326
327
64
149
255
257
360
366
367
368
495
544
601
612
669
707
709
710
711
836
837
838
1086
25
72
149
150
255
259
260
261
262
266
276
277
280
281
282
290
295
296
305
320
321
336
349
355
367
707
735
2036
98
112
115
124
255
265
268
269
270
275
278
279
288
289
301
323
326
399
447
448
500
540
572
573
574
575
576
577
578
579
580
581
582
583
584
585
586
788
941
1557
59
216
255
265
274
277
291
325
326
346
444
453
496
497
498
499
500
579
788
823
824
1079
56
72
149
150
255
257
259
261
262
263
266
271
273
277
279
283
285
289
290
291
293
296
303
320
321
323
324
327
328
329
330
331
332
333
334
335
336
337
338
56
59
72
149
150
255
256
257
259
260
261
262
263
265
266
267
271
273
275
276
278
279
280
281
282
287
289
291
293
297
300
320
323
325
326
327
332
339
349
357
453
493
495
498
500
579
582
648
700
701
726
1079
1368
1596
1633
1818
72
149
255
260
265
274
277
279
280
282
288
291
326
339
494
577
579
1004
72
149
150
246
248
255
259
265
274
276
277
278
280
288
320
324
326
328
494
495
577
579
582
621
787
1004
1557
1589
1934
72
149
150
255
259
260
261
262
263
265
266
273
277
278
279
281
282
295
296
297
298
299
300
301
302
303
304
305
72
149
150
255
259
260
261
262
263
266
273
277
280
282
286
290
291
292
293
294
295
297
305
331
332
335
1596
72
149
150
255
256
259
260
261
262
263
266
273
277
278
280
281
286
290
291
295
297
320
323
326
335
448
540
575
578
586
149
150
255
262
263
276
284
285
296
321
324
329
330
333
334
648
255
262
263
283
285
325
329
330
334
351
648
699
700
701
56
59
60
124
255
262
263
276
283
284
289
320
321
329
330
333
334
349
648
884
1102
1285
1293
255
263
281
282
652
56
59
72
122
149
255
262
263
277
297
300
320
349
438
443
444
450
453
1079
1368
1818
60
124
255
265
268
274
278
279
289
577
579
581
585
884
1002
1101
1557
33
52
58
59
60
72
98
103
112
115
124
128
255
256
261
263
265
267
268
269
270
271
274
276
277
285
288
291
293
300
301
320
321
322
323
325
326
327
333
399
447
448
493
497
498
500
540
572
573
574
575
576
577
578
579
580
581
582
583
584
585
586
601
606
612
648
669
700
701
788
1031
1033
1076
1079
1285
1634
72
255
256
261
262
263
266
273
276
281
282
297
303
332
56
58
59
72
115
149
216
255
256
260
262
266
267
271
275
276
277
278
281
282
289
292
293
294
296
300
303
304
313
320
323
324
325
326
327
335
339
340
346
444
490
491
492
493
494
495
496
497
498
499
500
501
502
503
65
72
243
255
281
291
293
294
326
366
374
375
376
439
497
807
838
1413
1414
1415
56
59
72
124
149
255
261
262
265
267
271
276
277
281
289
291
292
294
300
320
322
323
324
325
326
327
338
349
493
1076
1079
1285
44
59
72
255
260
261
281
291
292
293
349
493
1078
1625
72
149
150
266
273
280
281
282
296
321
575
72
149
150
257
262
273
276
280
283
291
295
297
303
304
321
324
327
332
336
337
339
340
72
149
248
257
259
260
263
266
271
277
280
281
282
287
290
296
300
325
785
72
129
149
263
280
299
300
301
336
466
569
702
981
982
24
25
68
109
129
263
280
298
300
301
324
327
336
366
372
373
476
494
569
614
641
957
958
1285
1368
1453
1454
1455
24
25
29
31
42
64
72
129
139
148
263
266
267
271
277
280
287
289
291
293
297
298
299
301
323
324
326
327
336
346
354
355
361
362
363
364
365
366
367
373
466
494
569
570
711
982
1085
1094
1283
1368
1454
1455
1491
1623
35
98
112
113
115
124
265
268
269
270
274
280
289
298
299
300
323
399
447
448
540
572
573
574
575
576
577
578
579
580
581
582
583
584
585
586
795
1074
1513
129
149
280
362
673
1210
72
149
150
257
260
263
266
267
276
280
290
291
296
304
324
327
336
337
339
495
52
72
246
280
291
296
303
56
149
150
259
260
273
280
281
320
328
1572
87
307
308
309
310
311
312
313
85
87
91
96
306
97
98
246
248
306
309
310
311
313
447
561
580
785
919
1051
1236
1371
1372
306
308
310
311
332
2067
97
98
246
306
308
309
311
447
561
2124
97
98
246
306
308
309
310
313
447
561
566
580
623
919
1051
1062
1063
1064
1236
1371
1372
2124
306
85
256
291
306
308
311
339
501
502
602
723
803
1051
1054
1363
1371
1992
121
155
315
316
317
318
319
121
155
314
319
358
739
742
745
759
843
947
948
1926
95
314
317
318
650
652
113
114
314
316
318
650
651
842
95
314
316
317
650
652
34
45
48
55
89
114
121
122
155
159
171
174
196
257
314
315
326
348
356
357
358
359
395
553
554
557
558
602
610
654
675
677
686
690
742
745
759
772
773
796
842
843
845
847
848
858
862
885
947
1028
1103
1116
1190
1351
1352
1393
1397
1406
1415
1521
1561
1577
1603
1604
1605
1606
1607
15
56
58
59
60
64
72
113
124
149
150
256
262
263
265
268
271
273
276
277
279
282
285
287
289
291
293
305
321
323
324
325
328
334
349
466
493
494
503
824
825
884
1102
1258
72
149
150
262
271
273
276
283
285
289
295
296
320
324
328
335
59
124
261
265
271
289
293
1076
1079
56
98
112
115
124
149
150
262
265
267
268
269
270
271
274
276
277
282
289
291
293
300
301
320
324
326
327
338
399
447
448
495
540
541
572
573
574
575
576
577
578
579
580
581
582
583
584
585
586
604
605
606
641
1285
24
25
56
67
68
109
129
149
150
173
257
262
263
271
276
279
283
291
293
296
299
300
303
320
321
323
327
328
332
336
337
338
366
372
410
494
569
641
947
957
958
1085
1285
1368
1453
1514
59
257
259
260
263
266
271
275
277
284
289
291
293
297
320
334
351
493
498
500
648
699
700
701
788
1077
1377
33
48
56
58
72
122
149
150
216
257
260
261
265
267
268
270
271
274
275
277
278
279
282
289
291
292
293
300
319
323
327
335
339
346
349
356
357
358
359
417
444
494
495
496
497
498
499
500
572
585
641
941
1031
1032
1076
1414
1415
1532
1589
1633
1634
24
150
257
267
271
276
277
289
291
293
296
299
300
303
323
324
326
336
337
448
575
578
586
1454
1455
1585
1654
56
58
59
60
72
124
149
259
276
279
305
320
321
324
503
884
156
262
276
283
284
285
330
331
334
648
780
1256
1289
1293
1832
42
156
236
262
276
283
284
285
329
331
333
334
351
578
699
1256
1719
1832
25
72
139
156
259
261
262
266
276
281
329
330
349
352
353
355
426
430
431
457
458
579
582
624
706
711
712
882
1002
1256
1668
1832
72
115
256
259
260
261
262
263
266
276
277
281
290
296
309
324
582
592
595
630
631
1226
1596
1818
2067
262
263
276
283
285
289
330
334
788
1634
1832
56
60
124
149
262
268
276
283
284
285
320
325
329
330
333
648
700
701
884
1102
1293
149
260
261
276
281
282
291
321
326
24
64
72
109
129
148
150
257
263
273
276
296
298
299
300
303
324
327
337
355
361
362
363
364
365
366
367
569
958
982
1368
149
150
257
276
296
303
324
327
336
1644
1645
276
293
323
324
1458
1532
52
72
149
256
260
277
278
291
296
303
313
326
340
382
490
491
494
495
501
502
570
614
869
1054
1206
1434
1437
1590
1596
1665
291
296
339
490
491
1943
270
342
343
344
345
346
178
207
341
343
344
345
397
413
489
541
642
643
644
693
1166
1257
1271
1279
1515
1574
1575
1763
1764
1768
1769
1784
1786
1804
1805
1806
341
342
344
413
644
693
1257
1574
1575
1768
1769
1786
178
207
341
342
343
345
397
489
642
643
644
693
1257
1271
1574
1575
1763
1764
1768
1769
1786
160
341
342
344
506
743
899
933
1383
1573
1574
1764
42
54
86
210
216
243
246
247
248
270
275
291
300
326
341
438
442
443
444
446
450
496
497
498
499
500
569
785
882
1041
1126
348
3
4
6
7
42
81
87
96
216
319
347
395
588
649
650
651
654
671
681
810
811
1054
1190
1312
1415
1455
1685
1754
1755
1787
1841
25
41
42
44
58
59
72
121
122
128
139
156
256
259
262
266
273
277
285
287
293
294
320
326
331
352
354
360
399
457
458
493
503
544
573
574
579
582
612
624
643
658
659
672
673
706
707
708
709
710
712
713
714
735
736
737
738
739
741
882
885
886
1016
1076
1078
1408
1625
1818
11
122
351
736
788
934
1553
10
11
122
284
325
330
350
498
648
699
700
736
788
1553
18
122
139
156
331
349
353
354
355
387
391
392
403
489
624
835
1104
122
331
352
354
355
373
457
458
706
711
1392
1847
25
29
31
64
122
147
300
349
352
353
355
366
371
373
399
570
573
574
643
658
659
672
673
711
834
25
29
42
64
72
122
139
147
266
273
300
331
336
352
353
354
366
367
370
371
373
457
458
465
494
706
711
712
834
982
1084
1090
1283
1408
1525
8
22
23
34
48
70
122
171
257
319
326
357
358
359
418
675
676
756
758
759
858
869
885
947
1000
22
23
33
36
48
62
63
122
171
257
277
319
326
356
358
359
498
544
675
701
716
729
730
869
22
23
26
36
47
48
73
122
145
236
257
315
319
326
356
357
359
417
418
551
552
729
730
742
745
843
869
947
980
1009
1410
1639
1828
2091
48
122
164
165
173
257
319
326
356
357
358
773
774
822
41
46
61
64
101
122
139
149
257
272
349
366
367
368
369
376
398
399
457
458
462
465
467
470
495
544
545
601
602
603
617
645
659
664
672
706
707
709
710
1013
1016
1037
1061
1086
1210
1245
1464
1465
1759
1786
1834
1848
1989
64
66
139
148
300
336
362
363
364
365
366
367
368
369
370
371
372
373
29
31
42
64
129
148
300
302
336
361
363
364
365
366
367
368
369
370
371
570
673
1133
1210
1407
1456
28
64
147
148
300
336
361
362
364
365
366
367
368
369
370
371
465
466
1085
1094
1474
64
148
300
336
361
362
363
365
366
368
371
470
28
64
102
109
148
178
300
336
361
362
363
364
366
893
898
899
901
999
1018
1108
1109
1110
1112
1113
1114
24
25
28
29
31
42
64
66
109
148
263
272
292
299
300
324
336
354
355
360
361
362
363
364
365
367
368
370
371
372
373
476
494
495
569
570
614
618
707
709
710
711
836
838
1086
1286
1300
1368
1407
1456
28
42
64
66
72
148
272
273
300
336
355
360
361
362
363
366
368
369
370
371
466
495
707
709
710
982
1085
1086
1093
1094
1407
64
101
148
272
360
361
362
363
364
366
367
369
495
707
709
710
1086
41
46
64
148
360
361
362
363
367
368
465
545
709
1019
28
42
56
64
148
355
361
362
363
366
367
371
494
570
618
982
1084
1085
1090
1091
1247
1286
1404
1407
12
28
31
42
64
109
129
147
148
268
354
355
361
362
363
364
366
367
370
373
470
618
711
834
923
1034
1047
1067
1083
1300
1335
1407
1612
24
139
142
263
299
324
361
366
569
691
694
696
1368
1808
25
29
64
66
147
148
299
300
353
354
355
361
366
371
476
614
711
834
292
375
376
260
292
374
376
530
647
872
1964
23
75
207
208
209
211
212
218
221
222
223
292
360
374
375
779
783
784
945
1061
68
71
378
379
380
381
382
383
384
385
386
68
71
377
379
380
382
383
384
557
558
559
751
1006
1072
1075
1665
1772
1850
377
378
381
1209
377
378
382
1850
19
377
379
385
386
608
950
958
1067
1209
113
157
339
377
378
380
383
557
558
559
751
795
1006
1054
1056
1072
1074
1075
1116
1206
1434
1437
1665
1723
1770
1771
1772
1773
1774
377
378
382
384
377
378
383
79
81
377
381
386
858
950
951
1697
1698
19
79
81
246
377
381
385
600
608
614
752
776
784
858
922
948
949
950
951
981
1022
1140
1141
1255
1357
1441
1505
1697
1963
17
18
134
156
352
388
389
390
391
392
393
394
395
396
397
398
399
400
401
402
403
404
405
17
18
134
387
389
390
404
1329
1330
1331
1332
17
18
387
388
390
17
18
54
148
252
387
388
389
390
391
393
403
404
405
1507
1551
1726
1727
17
18
156
352
387
390
392
403
405
415
487
488
489
698
1959
18
156
352
387
391
18
387
390
592
595
1100
134
387
395
396
612
629
630
631
632
633
634
125
134
319
348
387
394
1161
1170
1172
1190
1415
387
394
18
342
344
387
398
399
400
612
642
643
645
672
673
1082
1166
1211
1392
18
360
387
397
399
400
612
642
645
673
1166
1210
1321
1392
1848
18
98
112
115
124
265
268
269
270
274
289
301
323
349
354
360
387
397
398
400
447
448
540
570
572
573
574
575
576
577
578
579
580
581
582
583
584
585
586
601
602
603
612
616
642
643
645
658
659
672
673
887
1012
1016
1037
1082
1210
1211
1215
1848
17
18
387
397
398
399
605
606
609
618
619
620
835
1530
1531
387
64
134
387
462
544
545
631
1037
1464
1465
1671
2013
17
18
352
387
390
391
631
738
17
18
387
388
390
592
1329
1330
1807
17
18
387
390
391
488
244
409
410
411
412
413
408
410
1514
1515
220
324
408
409
570
849
1514
1515
1706
408
412
905
198
408
411
905
242
342
343
408
550
1295
1613
12
26
47
145
415
416
417
418
419
12
14
26
34
47
55
67
70
145
391
414
416
417
418
419
564
676
989
1009
1025
1026
1027
1028
1029
5
8
12
14
26
34
43
47
54
55
134
145
414
415
417
418
419
621
676
758
843
847
876
1001
1008
1026
1248
1434
1435
1639
9
12
14
23
26
34
43
47
51
52
55
70
73
145
172
173
326
358
414
415
416
418
419
551
558
676
730
819
849
858
989
1001
1003
1005
1007
1009
1025
1027
1028
1532
4
8
12
14
26
34
45
47
53
55
62
70
145
173
356
358
414
415
416
417
419
448
528
531
676
756
758
759
819
820
843
847
876
989
1000
1001
1007
1009
1025
1026
1027
1028
1029
1115
1116
1248
1249
1356
1387
1434
1435
1842
12
26
47
414
415
416
417
418
1420
203
204
1321
1620
424
425
149
248
423
580
779
782
783
785
786
787
791
925
423
331
427
428
429
430
431
432
433
434
154
426
428
699
1151
1659
1662
1663
1770
1771
1774
1798
426
427
433
434
1552
2044
426
430
431
432
612
331
426
429
431
432
958
331
426
429
430
432
426
429
430
431
958
28
137
426
428
434
489
615
644
895
1053
1054
1055
1056
1390
1391
1603
1999
2000
2001
2002
2003
426
428
433
615
1999
436
437
435
437
435
436
97
98
216
249
287
346
439
440
441
442
443
444
445
446
447
448
449
450
451
452
453
454
65
206
207
212
216
220
292
438
440
441
442
533
807
1216
216
438
439
441
442
30
58
150
216
438
439
440
442
475
476
568
1283
1407
1488
1489
1490
1491
1492
1493
1494
1495
1496
1497
1498
1503
42
86
210
216
247
346
438
439
440
441
497
541
862
867
882
1126
1358
1359
1515
216
244
249
287
346
438
444
445
446
450
451
453
454
497
801
821
822
1041
1380
97
216
275
287
291
326
346
438
443
445
446
450
451
453
454
496
497
498
499
500
703
769
247
438
443
444
1424
28
148
346
438
443
444
450
462
544
545
561
1067
1241
1243
1462
1466
1872
1873
1892
15
60
85
90
97
98
99
112
115
124
253
265
268
269
270
274
289
301
308
310
311
323
399
438
448
449
501
538
540
541
561
572
573
574
575
576
577
578
579
580
581
582
583
584
585
586
612
643
660
668
1404
1405
1556
1568
34
97
98
112
115
124
173
265
268
269
270
274
282
289
301
323
327
399
418
438
447
449
501
540
572
573
574
575
576
577
578
579
580
581
582
583
584
585
586
676
758
774
778
847
875
989
1001
1170
1249
1404
1405
1529
1556
1557
85
88
97
98
438
447
448
516
533
538
541
561
583
612
668
1341
1354
1376
1404
1421
1556
1568
1804
2181
244
287
346
438
443
444
446
453
1380
438
443
444
438
694
736
1003
1004
1066
1191
1192
1247
59
60
124
262
265
275
277
287
438
443
444
450
498
500
579
801
823
824
1079
1285
1668
216
438
443
444
456
457
458
455
457
458
713
16
41
65
72
110
139
147
259
266
331
349
353
355
360
455
456
458
544
579
582
624
706
707
708
709
710
711
712
713
714
715
1256
1258
1260
1318
1319
1349
1581
1607
1701
1902
1903
2049
2163
16
41
65
72
110
139
259
266
331
349
353
355
360
455
456
457
544
579
582
624
706
707
708
709
710
711
712
713
714
715
742
1260
1607
1701
2049
2163
31
41
460
461
462
463
464
465
466
467
468
469
470
31
41
459
461
462
464
467
470
702
703
704
31
459
460
464
470
704
775
776
1089
1339
40
41
360
402
446
459
460
463
464
465
469
544
545
603
703
1037
1067
1144
1239
1240
1241
1243
1244
1245
1462
1464
1465
1872
1883
1884
27
30
459
462
1141
41
459
460
461
462
465
468
469
702
703
1087
1088
1239
1240
1243
41
56
59
149
355
360
363
369
459
462
464
469
545
1051
1090
1239
1240
1241
1243
1244
1245
1474
1475
64
72
259
266
298
300
320
363
367
459
702
703
711
836
837
981
1085
1094
360
459
460
470
1003
1004
1006
459
464
41
459
462
464
465
1239
1240
1241
1243
1244
1245
28
31
40
64
360
364
371
459
460
461
467
494
544
545
1083
1462
1463
1464
1465
1874
472
473
474
475
476
477
478
479
471
473
474
703
769
920
1307
1334
1336
1340
1491
471
472
474
471
472
473
58
150
441
471
476
477
478
863
1258
1283
1407
1428
1652
1653
30
299
366
373
441
471
475
477
478
567
568
614
1488
1489
1490
1491
1492
1493
1494
1495
1496
1497
1498
471
475
476
478
542
547
856
860
471
475
476
477
149
150
471
1041
482
483
484
485
486
481
483
484
485
486
481
482
484
485
486
481
482
483
796
1383
1573
1574
1575
481
482
483
486
848
1168
1182
1417
1680
1681
1682
181
481
482
483
485
937
999
1011
1017
1057
1279
1414
1515
1784
2037
2038
2088
391
488
489
391
405
487
489
342
344
352
391
433
487
488
1104
1279
1763
1764
1768
1805
1806
42
291
339
340
491
1408
291
339
340
490
54
291
15
59
60
72
124
256
263
277
289
291
293
294
320
325
349
580
583
585
824
825
884
1076
1078
1079
1102
1258
1625
31
72
149
262
263
278
279
291
299
300
320
324
326
339
355
366
370
470
516
562
579
582
585
724
726
815
816
982
1047
1084
2099
64
149
150
272
277
279
291
303
323
326
339
360
366
367
368
641
707
709
710
1086
216
243
245
275
291
326
346
444
497
498
499
500
824
42
216
243
275
289
291
292
326
346
442
443
444
496
498
499
500
1031
1041
1126
216
275
277
289
291
325
326
346
351
357
444
453
496
497
499
500
648
699
700
701
824
1285
216
275
291
326
346
444
496
497
498
500
59
60
103
128
216
246
256
268
270
274
275
277
289
291
325
326
346
444
453
496
497
498
499
572
585
601
606
612
669
779
780
788
1076
1285
1633
1634
98
256
291
313
339
447
448
502
575
1405
1556
85
149
256
291
313
339
501
505
653
1232
1732
2159
23
25
37
52
56
58
59
72
149
291
320
328
349
556
557
637
661
665
730
1300
1550
1784
505
506
149
502
504
506
726
796
345
504
505
991
508
507
510
179
509
1150
1271
1383
1659
1683
512
513
514
511
511
514
16
511
513
684
1138
2173
2208
449
494
517
518
161
516
518
690
743
866
1081
1082
516
517
566
610
743
792
860
865
866
870
876
878
1026
1081
1229
1530
1540
1564
520
521
522
523
519
521
522
523
519
520
522
523
519
520
521
523
519
520
521
522
33
45
54
55
62
152
155
157
525
526
527
528
529
530
531
532
533
33
55
152
155
157
159
161
167
174
524
526
527
528
529
727
770
822
880
991
992
1007
1539
33
55
152
155
157
159
167
174
524
525
527
528
529
770
822
844
845
880
991
992
993
994
1007
1756
33
45
54
55
62
152
155
157
159
164
167
169
174
524
525
526
528
529
531
532
533
612
629
686
689
692
697
770
771
772
773
774
795
822
843
844
880
988
989
991
992
1007
1543
1655
33
34
45
54
55
62
84
89
152
155
157
212
418
524
525
526
527
529
530
531
532
533
847
880
883
1182
1341
1387
1588
33
152
155
157
524
525
526
527
528
532
82
375
524
528
647
874
878
1025
1457
1562
1563
45
54
55
62
89
212
418
524
527
528
533
1182
1341
33
152
155
524
527
528
529
746
772
845
13
45
53
55
62
86
206
207
211
212
213
218
220
439
449
524
527
528
531
541
815
867
1163
1341
1894
1896
1897
2152
535
536
537
534
536
852
853
534
535
1442
1443
1444
534
97
128
447
449
539
540
541
538
963
966
970
972
973
976
977
1393
1396
1699
98
112
115
124
128
256
260
264
265
268
269
270
274
282
289
301
323
399
447
448
538
572
573
574
575
576
577
578
579
580
581
582
583
584
585
586
587
1074
13
15
60
85
88
97
98
124
216
253
268
323
342
442
447
449
533
538
561
573
574
612
643
660
668
671
837
838
862
867
1296
1341
1354
1358
1359
1376
1389
1404
1421
1474
1556
1568
1654
1791
1804
2181
477
543
544
545
546
547
542
983
41
44
61
139
149
257
272
349
357
360
402
446
457
458
462
470
542
545
603
612
706
707
709
710
1016
1037
1241
1462
1463
1464
1465
1466
1467
41
360
369
402
446
462
465
470
542
544
561
603
1006
1016
1037
1206
1241
1462
1463
1464
1465
265
542
586
1916
477
542
550
413
549
48
73
74
145
358
417
552
553
554
555
556
557
558
559
560
561
562
73
156
358
551
593
601
603
1117
1310
1311
1527
1536
1674
10
11
73
158
319
551
554
557
558
559
798
817
1116
1185
1447
1448
1449
1450
1539
1585
1605
1654
1675
1702
1703
2080
55
73
114
158
319
551
553
555
556
557
558
559
677
774
885
948
1448
1449
1528
1551
1561
1605
1702
1750
73
164
171
176
551
554
556
557
558
559
774
1528
1561
1991
56
58
73
159
163
164
168
172
173
176
503
551
554
555
557
558
559
686
717
773
822
1007
1179
1403
1528
1550
1991
23
58
73
176
319
378
382
503
551
553
554
555
556
558
559
560
637
798
1550
1605
1702
1991
10
11
43
73
114
117
164
176
319
378
382
417
551
553
554
555
556
557
559
736
798
817
842
858
1448
1539
1605
1675
1702
1703
1991
2080
62
73
378
382
551
553
554
555
556
557
558
798
1165
1234
1350
1450
1702
1991
9
73
551
557
562
972
1855
1856
48
73
97
98
308
310
311
446
447
449
541
545
551
1354
1892
26
73
74
134
494
551
560
720
724
726
736
789
797
798
799
812
815
816
817
818
1784
1875
1886
415
565
566
564
566
2028
311
518
564
565
792
1302
214
476
568
569
570
571
30
441
476
567
570
703
953
1138
1247
1404
1488
1489
1490
1491
1492
1493
1494
1495
1496
1497
1498
24
129
214
263
298
299
300
324
336
346
366
372
567
571
580
633
676
704
740
741
787
982
1368
1453
1934
28
29
30
31
41
56
182
216
300
339
354
362
366
370
399
410
567
568
603
605
606
608
614
615
618
709
869
1001
1004
1005
1006
1033
1035
1041
1138
1192
1206
1247
1300
1404
1456
1500
1590
1591
1592
1759
2096
2099
567
569
98
112
115
124
264
265
268
269
270
274
289
301
323
326
399
447
448
500
540
573
574
575
576
577
578
579
580
581
582
583
584
585
586
587
588
15
22
23
59
60
75
98
103
112
115
124
136
139
140
253
265
268
269
270
274
289
301
323
349
354
399
447
448
540
541
572
574
575
576
577
578
579
580
581
582
583
584
585
586
604
605
606
624
637
643
658
659
660
661
662
663
664
665
666
667
668
669
670
671
672
673
15
22
23
59
60
75
98
103
112
115
124
136
139
140
253
265
266
268
269
270
274
289
301
323
349
354
399
447
448
540
541
572
573
575
576
577
578
579
580
581
582
583
584
585
586
637
643
658
659
660
661
662
663
665
666
667
668
669
670
671
672
673
834
935
936
1021
1022
1023
1037
26
42
97
98
112
115
124
170
172
173
265
268
269
270
274
282
289
295
301
323
327
399
447
448
501
540
572
573
574
576
577
578
579
580
581
582
583
584
585
586
751
774
800
819
869
875
941
989
1007
1026
1247
1404
1405
1419
1420
1421
1529
1556
98
112
115
124
265
268
269
270
274
289
301
323
399
447
448
540
572
573
574
575
577
578
579
580
581
582
583
584
585
586
98
112
113
115
124
265
268
269
270
274
278
279
288
289
301
323
399
447
448
540
572
573
574
575
576
578
579
580
581
582
583
584
585
586
587
693
751
801
1002
1004
1557
42
97
98
112
115
124
170
236
265
268
269
270
274
282
289
301
323
327
330
399
447
448
540
572
573
574
575
576
577
579
580
581
582
583
584
585
586
751
875
941
1404
1529
1719
59
60
72
98
112
113
115
124
149
259
262
265
266
268
269
270
274
275
277
278
279
288
289
301
323
331
349
399
447
448
453
457
458
494
540
572
573
574
575
576
577
578
580
581
582
583
584
585
586
612
624
693
801
823
824
1002
1004
1079
1436
1557
60
98
112
115
124
246
265
268
269
270
274
289
301
308
311
323
399
424
447
448
493
540
569
572
573
574
575
576
577
578
579
581
582
583
584
585
586
750
779
780
782
786
787
1236
1289
1610
1934
2067
98
112
115
124
265
268
269
270
274
288
289
301
323
399
447
448
540
572
573
574
575
576
577
578
579
580
582
583
584
585
586
751
59
72
98
112
115
124
156
259
265
266
268
269
270
274
277
279
289
301
323
331
332
349
399
447
448
457
458
494
540
572
573
574
575
576
577
578
579
580
581
583
584
585
586
624
658
662
706
1596
42
60
97
98
103
112
115
124
256
260
265
268
269
270
274
289
301
323
399
447
448
449
493
540
572
573
574
575
576
577
578
579
580
581
582
584
585
586
587
604
605
606
650
651
663
664
751
882
884
1074
1095
1102
1215
1723
98
112
115
124
265
268
269
270
274
289
301
323
399
447
448
540
572
573
574
575
576
577
578
579
580
581
582
583
585
586
673
60
94
98
112
113
115
124
265
268
269
270
274
288
289
301
323
326
399
447
448
493
494
500
540
572
573
574
575
576
577
578
579
580
581
582
583
584
586
693
751
788
941
1102
1723
98
112
115
124
265
268
269
270
274
282
289
301
323
327
399
447
448
540
546
572
573
574
575
576
577
578
579
580
581
582
583
584
585
875
42
265
268
269
270
540
572
577
583
882
1074
1723
348
572
810
811
590
589
592
593
594
595
134
332
393
404
591
595
600
608
630
631
633
916
990
1100
1227
1228
1329
1332
1671
1690
1691
1692
3
4
5
8
34
195
552
591
601
603
756
898
998
1277
1279
1310
1311
1312
1313
1314
591
134
332
393
591
592
600
630
631
633
916
1100
1227
1255
1331
1510
1671
1692
1694
1695
246
599
600
246
248
598
600
752
785
919
134
246
248
386
592
595
598
599
608
630
631
633
750
752
753
785
922
1100
1140
1357
1438
1505
1506
1507
17
59
60
72
103
128
181
256
272
289
360
399
500
552
593
602
603
606
611
612
613
616
617
624
659
669
836
837
1012
1037
1078
1215
1284
1310
1311
17
85
159
174
313
319
360
399
601
603
611
612
613
617
624
659
679
684
686
723
770
773
774
796
803
822
869
885
989
1054
1176
1177
1178
1363
1521
1767
17
41
44
59
61
360
399
462
544
545
552
570
593
601
602
612
616
617
624
659
669
673
887
1013
1037
1078
1210
1215
1310
1311
1464
1465
1831
17
103
323
573
583
605
606
624
663
664
1215
17
103
323
400
570
573
583
604
606
614
618
619
620
624
663
664
835
888
1215
1500
17
59
60
103
128
182
256
289
323
400
500
570
573
583
601
604
605
612
614
615
618
619
620
624
663
664
669
834
835
937
1215
1500
17
190
608
1015
17
29
61
134
190
206
214
224
246
381
386
570
592
600
607
631
633
752
784
869
922
950
958
1015
1100
1286
1357
1505
1553
1691
1697
1717
1759
2129
17
400
610
620
687
688
835
1531
1576
1577
1578
17
121
128
319
518
609
654
688
883
885
917
996
1190
1254
1255
1388
1530
1577
17
601
602
612
613
17
31
44
59
60
72
97
98
103
128
157
256
272
289
349
394
397
398
399
429
447
449
500
527
541
544
579
601
602
603
606
611
613
634
642
645
669
672
673
689
691
692
694
695
696
697
836
837
1002
1013
1016
1078
1210
1215
1284
1404
1463
1568
1669
1893
1894
1896
1897
1944
17
181
601
602
611
612
1012
1019
1311
17
19
182
299
339
366
373
386
476
570
605
606
615
618
869
890
948
949
1357
1418
1441
1469
1500
1590
1759
17
101
102
106
110
179
182
433
434
570
606
614
616
887
889
890
1151
1382
1385
1416
1418
1660
1831
1999
2048
17
178
179
399
601
603
615
659
672
899
1037
1385
1573
1831
17
41
61
360
601
602
603
624
659
1013
1037
1831
17
366
370
371
400
570
605
606
614
619
620
887
888
1286
1500
1746
1759
1834
17
400
605
606
618
620
17
400
605
606
609
618
619
17
42
216
247
279
416
866
870
876
961
998
1107
1126
1129
1286
1303
1314
1536
1567
1643
17
114
156
623
720
726
791
794
795
796
822
1044
1352
1655
1675
17
156
161
311
622
1542
4
17
42
72
139
156
236
259
266
331
349
352
457
458
573
579
582
601
602
603
604
605
606
617
706
849
886
1047
1092
1410
1612
626
625
1306
1307
184
134
159
164
167
169
394
527
630
631
632
686
773
774
822
987
988
989
990
134
332
394
592
595
600
629
631
632
922
1100
1226
1505
1671
134
332
394
402
403
592
595
600
608
629
630
632
633
916
922
1100
1225
1226
1438
1505
1691
134
394
629
630
631
1069
1070
1304
134
394
569
592
595
600
608
631
916
1100
1226
1691
394
612
23
56
136
137
142
637
638
639
640
641
22
23
75
136
139
140
503
557
573
574
636
665
666
667
1021
1022
1023
136
137
142
636
639
1860
56
136
137
142
636
638
640
641
1047
1048
10
11
137
636
639
641
1772
129
137
149
150
260
267
299
323
324
326
495
636
639
640
1285
342
344
397
398
399
612
643
644
645
268
342
344
349
354
397
399
447
541
573
574
642
658
659
660
662
668
669
670
671
672
673
1037
28
342
343
344
433
642
693
1257
1390
1391
1574
1575
1768
1769
360
397
398
399
612
642
672
673
1210
1211
1848
54
647
54
55
375
530
646
874
878
1025
1302
1330
1562
1563
1857
277
283
284
285
289
325
329
334
351
498
699
700
701
1077
1377
85
87
348
650
651
652
653
654
655
95
113
114
268
316
317
318
348
583
649
651
652
842
843
846
930
931
932
933
113
114
115
116
117
317
348
583
649
650
795
842
843
846
930
931
932
933
1072
1073
1074
1571
85
286
316
318
649
650
653
654
1101
1477
1732
85
502
649
652
654
1101
1732
85
319
348
610
649
652
653
750
751
1060
1101
1190
1296
1577
1714
1715
1732
85
99
235
649
188
657
188
656
1327
1481
59
101
102
103
266
349
354
399
573
574
582
643
659
660
661
662
669
670
672
673
895
268
269
349
354
360
399
573
574
601
602
603
616
617
643
658
660
662
669
670
672
673
1077
1082
1185
1211
1215
15
59
60
124
253
268
447
541
573
574
643
658
659
661
662
668
669
670
25
58
59
72
503
573
574
658
660
662
1078
59
101
102
573
574
582
643
658
659
660
661
669
670
895
103
573
574
583
604
605
606
664
1215
1786
103
360
573
583
604
605
606
663
836
1215
1759
1834
22
23
75
136
139
140
503
573
574
637
666
667
22
23
75
89
135
136
139
140
225
573
574
637
665
667
696
945
1050
1051
1259
1312
1459
1523
1524
1526
1527
1563
1584
1585
1587
1588
1678
1797
1838
1839
22
23
75
136
139
140
573
574
637
665
666
13
85
268
447
449
541
573
574
643
660
671
1296
1354
1376
1389
59
60
72
103
128
256
272
289
500
573
574
601
603
606
612
643
658
659
660
662
670
836
837
1055
1078
1214
1215
1284
1656
59
573
574
643
658
659
660
662
669
87
348
541
573
574
643
668
810
811
349
354
360
397
399
573
574
612
616
643
645
658
659
673
1037
1210
1211
129
302
349
354
362
397
398
399
573
574
584
603
612
643
645
658
659
672
826
827
887
1037
1082
1210
1211
1215
38
675
676
677
34
38
48
62
63
171
319
356
357
674
684
716
729
730
759
848
952
1124
1387
1388
1421
1607
1724
1725
1787
8
14
34
38
55
70
145
356
415
416
417
418
448
569
674
740
741
756
758
759
772
843
847
848
876
1000
1001
1026
1029
1248
1249
1387
1388
1402
1434
1435
1842
38
54
55
319
554
674
885
1170
1172
1429
2135
679
680
681
10
79
81
602
678
681
682
683
684
685
686
736
933
1185
1224
1310
1457
85
90
678
682
803
79
81
236
348
678
679
682
683
684
685
686
679
680
681
679
681
13
79
81
134
166
175
236
514
602
675
679
681
685
686
848
862
863
879
880
946
1027
1103
1124
1138
1169
1171
1172
1175
1225
1227
1228
1352
1356
1958
679
681
684
940
954
1352
2300
79
81
159
163
164
165
167
169
173
174
175
319
527
556
602
629
679
681
684
717
723
773
774
822
849
875
988
989
1028
1103
1116
1179
1185
1275
1393
1397
1520
1521
1560
609
688
128
609
610
687
1576
1995
157
161
527
612
690
691
692
693
694
695
696
697
157
161
319
517
689
691
767
795
961
1082
1190
1445
1603
1652
1772
135
157
372
612
689
690
692
694
695
696
697
1351
157
161
527
612
689
691
693
694
695
696
697
113
342
343
344
577
579
585
644
689
692
1257
1574
1575
1768
1769
133
135
138
372
452
612
689
691
692
695
696
697
1004
1051
1052
1192
1203
1204
1205
1206
1351
157
612
689
691
692
694
696
697
1472
1835
135
140
372
612
666
689
691
692
694
695
697
1073
1203
1205
1206
1351
157
527
612
689
691
692
694
695
696
794
795
1472
1511
1835
391
11
284
325
330
351
427
498
648
700
934
277
284
289
325
334
351
498
648
699
701
1077
277
284
289
325
334
357
498
648
700
1076
1377
72
298
460
464
466
703
981
1569
41
444
460
462
464
466
472
568
702
769
920
953
1030
1141
1307
1334
1335
1336
1337
1338
1339
1340
460
461
569
1192
1233
1357
1576
1904
2234
41
65
72
139
259
266
331
349
353
355
360
457
458
544
582
624
707
708
709
710
711
712
713
714
715
25
41
64
72
139
272
273
349
360
366
367
368
457
458
495
544
706
708
709
710
735
736
1016
1086
1232
25
139
349
457
458
706
707
712
735
736
28
64
66
101
139
148
149
257
272
349
360
366
367
368
369
457
458
495
544
570
706
707
710
1086
1093
64
139
272
349
360
366
367
368
457
458
495
544
706
707
709
904
1086
1349
1358
1451
1452
1839
1878
25
29
64
72
147
266
272
300
331
353
354
355
366
371
373
457
458
466
706
712
834
835
836
837
838
839
840
266
331
349
355
457
458
706
708
711
1021
349
456
457
458
706
714
349
457
458
706
713
65
147
457
458
706
739
740
741
1587
22
48
55
62
63
171
357
675
717
718
719
720
721
722
723
724
725
726
727
728
729
730
38
163
164
556
686
716
718
719
720
721
722
727
1179
1274
1616
1618
716
717
719
720
721
722
723
725
727
728
1274
1616
1618
716
717
718
720
721
722
725
727
728
57
164
562
622
716
717
718
719
721
722
724
726
736
789
790
791
792
793
797
798
799
800
801
802
803
822
925
1119
1120
1125
1185
1274
1352
1476
1519
1616
1617
1618
1992
22
23
52
75
716
717
718
719
720
722
725
728
716
717
718
719
720
721
725
85
174
313
602
686
716
718
724
739
744
803
814
1054
1363
1520
1521
15
26
55
160
164
166
167
494
562
716
720
723
726
736
737
739
742
743
744
745
789
793
797
798
799
812
813
814
815
816
817
818
819
820
821
822
716
718
719
721
722
72
134
261
277
494
505
562
622
716
720
724
727
736
789
790
791
792
793
794
795
796
797
798
799
800
801
802
803
525
716
717
718
719
726
728
770
793
22
716
718
719
721
727
48
62
63
171
357
358
675
716
730
1828
1829
36
37
42
48
55
58
62
63
68
70
171
357
358
417
503
675
716
729
821
822
980
1177
1182
1185
1419
732
731
805
25
72
273
349
707
708
736
25
123
160
349
350
351
452
558
562
679
707
708
720
724
726
735
789
794
797
798
799
813
817
820
821
822
1044
1131
1136
1177
1185
1476
1675
2093
349
724
738
739
740
741
742
743
744
745
746
747
139
349
403
737
739
740
741
246
315
349
715
723
724
737
738
740
741
742
743
744
745
746
747
787
814
1317
1540
1587
1766
1893
1956
78
569
676
715
737
738
739
741
742
744
745
746
747
1260
1587
349
569
676
715
737
738
739
740
1587
315
319
358
458
724
737
739
740
743
745
843
947
1166
1784
252
345
517
518
724
737
739
742
745
860
865
866
867
870
874
877
878
1025
1026
1081
1229
1562
1563
1564
1580
1581
1968
723
724
737
739
740
745
746
747
814
1317
78
315
319
358
724
737
739
740
742
743
744
746
747
814
843
947
1260
33
152
155
532
737
739
740
744
745
747
772
1222
1223
1224
737
739
740
744
745
746
822
1574
1575
1766
1893
1894
128
246
580
600
654
751
752
753
124
270
378
382
575
577
578
581
583
585
654
750
941
246
248
386
599
600
608
750
753
922
924
951
967
1357
1505
1506
1507
246
600
750
752
981
1315
8
34
356
418
593
676
757
758
759
8
34
756
8
34
70
356
416
418
448
676
756
759
847
1000
1001
1248
1249
1842
8
34
315
319
356
418
675
676
756
758
772
848
948
956
1000
1387
1388
1402
1607
762
763
761
1122
1127
1200
1716
1781
230
761
1346
1628
766
767
768
769
765
767
768
769
690
765
766
768
769
795
1652
1772
58
765
766
767
769
1596
1749
148
444
472
703
765
766
767
768
1306
1307
1340
155
157
174
525
526
527
602
727
771
772
773
774
155
157
527
770
772
33
34
152
155
157
319
527
532
676
746
759
770
771
848
955
1000
1190
1388
1393
1401
1402
1406
159
164
167
168
169
173
174
176
319
359
527
556
602
629
686
770
774
822
842
848
869
988
989
1176
1177
1178
1179
1180
1181
1182
1183
1184
1185
159
163
164
166
167
169
173
174
359
448
527
554
555
575
602
629
686
770
773
822
869
875
988
989
1176
1177
1178
1179
1180
1181
1182
1183
1184
1185
1421
1528
1568
1642
461
776
386
461
775
981
1022
1140
1141
1142
1143
1144
1145
778
448
777
1524
1841
246
248
376
424
500
580
780
781
782
783
784
785
786
787
788
246
329
500
580
779
782
788
1289
1293
1934
779
950
2010
2011
424
580
779
780
783
1289
376
424
779
782
784
376
386
608
779
783
950
128
144
246
248
297
308
346
424
599
600
779
786
787
919
920
924
1116
248
424
580
779
785
787
149
246
248
267
279
424
569
580
739
779
785
786
791
919
925
1934
246
274
275
289
325
333
350
351
500
585
779
780
1285
1634
134
562
720
724
726
736
797
798
799
812
817
820
1185
1476
2093
720
726
791
792
793
248
424
622
720
726
787
790
792
793
801
822
826
828
925
1187
1274
1352
1448
1449
1476
1702
518
566
720
726
790
791
793
720
724
726
727
790
791
792
15
123
157
622
697
726
736
795
817
820
1044
1131
1136
1185
1352
1572
1675
1886
113
115
157
301
382
527
622
651
690
697
726
767
794
1044
1072
1073
1074
1543
1572
1652
1772
134
160
319
484
505
602
622
726
1357
1383
1403
1573
1574
1575
1767
15
123
562
720
724
726
736
789
798
799
800
801
812
817
818
1044
10
11
553
557
558
559
562
720
724
726
736
789
797
799
812
817
818
866
1044
1185
1476
1539
134
562
720
724
726
736
789
797
798
812
815
1166
1185
1476
1784
1886
42
57
575
720
726
797
801
802
803
818
989
1026
1076
1077
1419
1420
1421
57
114
443
453
577
579
720
726
791
797
800
802
803
818
821
822
824
1076
1077
1185
1352
1472
1617
1655
1992
720
726
800
801
803
57
85
90
313
602
680
720
723
726
800
801
802
1054
1363
1616
1617
1619
1992
732
65
204
807
1196
1197
1989
2041
65
204
212
292
439
806
937
1035
1066
1067
1197
1788
1989
2041
65
65
348
588
671
811
3
4
6
7
87
348
588
671
810
1054
1312
1685
1754
1755
134
562
724
789
797
798
799
1875
724
736
1499
723
724
739
744
745
835
1317
1471
1893
13
86
494
533
562
724
799
816
862
867
873
1160
1161
1162
1163
1164
1165
1166
251
494
562
724
815
1160
1162
1163
1164
1459
15
123
134
553
558
562
724
736
789
794
797
798
818
820
1044
1131
1136
1185
1229
1436
1448
1675
1702
1703
1886
562
724
797
798
800
801
817
1376
1787
5
26
43
47
55
164
166
167
172
173
417
418
575
724
1001
1003
1005
1007
1134
1179
1434
1437
15
123
418
724
736
789
794
817
1029
1044
1131
1136
1185
1356
1675
1886
114
160
443
724
730
736
801
822
1177
1180
1184
1185
1352
1413
1472
1655
33
114
159
160
164
167
169
173
174
359
443
525
526
527
556
602
622
629
686
720
724
730
736
747
773
774
791
801
821
869
987
988
989
992
1176
1177
1178
1180
1184
1185
1352
1403
1472
1655
1892
275
453
579
824
825
60
124
275
320
453
493
496
498
579
801
823
825
884
60
124
320
493
823
824
884
161
673
791
827
828
829
161
673
826
828
791
826
827
829
10
11
826
828
831
832
830
830
961
64
147
354
355
371
373
574
606
711
935
936
937
352
400
605
606
609
711
814
1471
1530
1531
28
72
272
366
466
601
612
664
669
711
837
839
840
1393
1693
72
272
466
541
601
612
669
711
836
838
839
840
1474
1654
1791
272
292
366
541
711
837
1392
1474
1654
1791
72
711
836
837
840
72
711
836
837
839
34
89
114
117
155
159
317
319
558
650
651
773
843
844
845
846
847
848
849
8
34
89
152
155
315
319
358
416
418
527
650
651
676
742
745
842
844
846
847
947
993
994
1001
1329
152
155
157
526
527
842
843
845
885
993
994
33
152
155
159
319
526
532
842
844
993
994
650
651
842
843
4
34
78
81
89
124
319
416
418
448
528
676
758
842
843
1000
1001
1101
1102
1248
1249
1387
34
38
319
485
675
676
684
759
772
773
842
1000
1124
1182
1183
1188
1189
1190
1388
1402
4
42
57
128
220
410
417
624
686
842
862
867
875
885
943
944
1410
1413
1560
1612
1785
851
850
535
853
535
852
855
854
2029
2030
2031
67
68
69
70
71
477
857
858
859
860
856
19
33
43
49
57
67
68
69
70
71
171
319
356
385
386
417
558
856
859
885
943
944
945
946
947
948
949
950
951
952
953
54
856
858
1539
477
518
743
856
865
866
870
1026
1081
1229
173
862
863
864
865
866
867
868
869
870
871
872
873
874
875
876
877
878
13
86
173
174
216
319
442
541
684
815
849
861
863
864
865
866
867
868
869
870
871
872
873
874
875
877
878
1165
1175
1237
1249
1256
1351
1352
1353
1354
1355
1356
1357
1358
1359
4
86
174
475
684
861
862
864
865
866
867
868
869
870
871
872
873
875
1175
1237
1249
1354
1355
1356
1357
1428
86
174
861
862
863
865
866
867
868
869
870
871
872
873
874
875
877
878
1175
1237
1249
1353
1354
1355
1357
86
173
174
518
743
860
861
862
863
864
866
867
868
869
870
871
872
873
874
875
877
878
1026
1081
1175
1229
1237
1249
1354
1355
1357
13
517
518
621
743
798
860
861
862
863
864
865
867
868
869
870
871
872
873
874
876
877
878
1025
1026
1081
1162
1164
1169
1171
1229
1466
1536
1567
13
86
216
442
533
541
743
815
849
861
862
863
864
865
866
868
869
870
871
872
873
874
877
878
1025
1026
1163
1165
1351
1358
1359
1413
1466
1562
1563
86
174
861
862
863
864
865
866
867
869
870
871
872
873
874
875
877
878
1175
1237
1249
1354
1355
1357
23
45
54
55
62
68
70
159
173
174
339
356
357
358
570
575
602
608
614
773
774
822
861
862
863
864
865
866
867
868
870
871
872
873
875
958
989
1176
1177
1178
1590
1717
1718
1719
1759
2142
86
173
174
518
621
743
860
861
862
863
864
865
866
867
868
869
871
872
873
874
875
876
877
878
1025
1026
1081
1175
1229
1237
1249
1349
1354
1355
1357
1466
1536
1562
1563
1567
1607
1785
114
152
861
862
863
864
865
866
867
868
869
870
872
873
925
1401
1402
86
174
375
861
862
863
864
865
866
867
868
869
870
871
873
875
1175
1237
1249
1354
1355
1357
4
13
815
861
862
863
864
865
866
867
868
869
870
871
872
1165
1354
1355
1915
116
173
530
647
743
861
862
864
865
866
867
868
870
875
877
878
1025
1026
1466
1562
1563
164
166
167
169
170
173
174
448
575
578
586
686
774
849
861
862
863
864
865
868
869
870
872
874
989
1175
1275
1404
1405
1528
1560
34
416
418
518
621
676
861
866
870
917
1000
1025
1359
1535
1536
1563
1567
116
743
861
862
864
865
866
867
868
870
874
878
1025
1026
1466
1562
1563
116
518
530
647
743
861
862
864
865
866
867
868
870
874
877
1025
1026
1081
1466
1562
1563
1785
684
880
55
155
157
525
526
527
528
684
879
42
128
210
216
247
256
265
266
268
269
270
331
346
349
442
583
587
885
886
1126
1723
89
115
117
161
256
528
610
945
1005
1577
1588
15
56
60
79
124
256
262
285
288
320
328
334
493
583
824
825
1102
1258
1293
42
128
152
155
256
266
319
349
356
554
602
610
677
844
849
858
882
886
917
946
947
993
996
1388
42
128
256
266
349
624
882
885
101
102
178
399
603
615
618
673
891
899
1037
1210
1250
1759
1834
101
605
618
1271
1746
101
102
182
615
890
101
102
106
178
179
182
201
614
615
889
891
892
897
898
899
900
901
902
1418
1573
101
102
106
178
201
887
890
892
897
898
899
900
901
902
1139
101
102
106
890
891
101
102
365
898
1108
1109
1110
1112
1339
101
102
896
28
64
101
102
433
658
662
1391
2000
101
102
894
101
102
178
201
890
891
898
899
900
901
902
28
101
102
148
178
181
201
365
593
890
891
893
897
899
900
901
902
933
999
1018
1108
1109
1110
1112
1113
1114
1279
1311
18
101
102
178
201
345
365
616
887
890
891
897
898
900
901
902
933
1321
1383
1573
66
101
102
109
129
178
201
263
890
891
897
898
899
901
902
982
1108
1612
101
102
178
201
365
890
891
897
898
899
900
902
101
102
178
201
890
891
897
898
899
900
901
2002
904
710
903
1279
1349
1350
1358
1839
1878
411
412
39
54
910
911
39
54
909
54
909
914
236
913
915
918
1849
914
916
917
918
592
595
631
633
915
236
610
876
885
915
996
1292
1388
1523
1535
1536
1970
914
915
1431
2137
246
248
308
311
599
785
787
144
248
472
703
785
1237
1249
1336
1355
1357
1641
242
248
1954
134
246
248
386
600
608
630
631
752
1100
1357
1505
246
248
371
1034
1067
246
248
752
785
114
152
248
424
720
787
791
871
1401
1402
927
928
929
926
929
2154
926
926
927
1861
1862
1863
1864
650
651
931
932
933
650
651
930
932
933
1277
650
651
930
931
933
938
345
650
651
679
898
899
930
931
932
1224
1310
1383
1457
1573
11
112
115
253
350
699
181
574
834
936
1320
1321
181
574
834
935
1320
1321
486
606
807
834
1017
1194
1515
1784
1989
2040
2041
932
939
940
938
940
1393
685
938
939
954
966
1122
1399
115
268
270
274
326
575
578
585
751
1217
1219
1339
1772
2222
33
57
849
858
944
945
33
57
849
858
943
945
33
57
89
376
666
858
883
943
944
1051
1061
1584
1588
13
236
684
858
885
19
67
68
173
315
319
324
356
358
742
745
843
858
885
948
949
958
1348
1459
1639
1640
19
67
315
386
554
614
759
858
947
949
957
958
1357
1441
19
67
386
614
858
947
948
957
958
961
1357
1441
79
81
381
385
386
608
781
784
858
951
1697
385
386
752
858
950
967
1223
1551
1750
19
38
49
71
675
858
953
1724
1725
19
49
71
568
703
858
952
685
940
955
956
135
772
954
1393
759
954
1399
1452
1461
2318
67
68
109
263
299
324
948
949
958
1698
24
25
29
67
68
69
70
71
109
173
263
299
324
336
381
430
432
608
869
947
948
949
957
1022
1067
1085
1368
1646
1698
961
621
690
832
949
960
1445
539
964
965
966
967
968
969
970
971
972
973
974
975
976
977
963
963
973
975
252
539
940
963
970
972
976
995
1122
1198
1200
1201
1393
1396
1699
1798
1838
238
752
951
963
968
969
971
1322
1432
1433
1810
1927
1928
1929
1930
189
238
963
967
969
1433
238
963
967
968
1928
539
963
966
971
972
976
1396
1608
1609
34
963
967
970
972
1868
1937
539
560
963
966
970
971
973
976
1396
1602
1855
1856
1912
539
963
965
972
975
977
1855
963
963
965
973
1602
1608
539
963
966
970
972
1396
1609
539
963
973
1920
979
978
48
52
358
730
41
72
298
386
466
702
753
776
1022
1140
1141
1142
1315
1904
28
47
64
66
129
148
263
298
300
336
355
367
370
494
569
900
1084
1087
1093
1300
1612
1719
543
984
985
986
179
983
1721
179
983
2025
32
983
161
629
822
1503
1541
159
164
167
169
527
629
686
773
774
822
989
1683
1967
12
26
42
47
70
159
164
167
169
173
174
415
417
418
448
527
575
602
629
686
773
774
800
822
869
875
988
1025
1026
1027
1028
1176
1177
1178
1180
1181
1182
1183
1184
1405
1419
1420
1421
592
629
1227
33
152
155
157
159
161
506
525
526
527
992
33
152
155
157
159
161
167
174
525
526
527
822
991
1007
1885
152
155
157
526
843
844
845
885
994
152
155
157
526
843
844
845
993
42
155
167
216
247
966
1190
1198
1200
1201
155
610
885
917
1297
1388
1509
998
999
593
621
997
999
1314
365
486
898
997
998
1017
1108
1109
1110
1113
1279
1414
2037
34
356
418
676
758
759
772
847
848
876
1388
1402
1842
8
14
26
34
43
44
45
55
134
173
416
417
418
448
570
676
758
819
843
847
1002
1003
1004
1005
1006
1007
1008
1010
1026
1247
1249
1404
1434
1435
1436
1437
1438
43
55
262
288
331
577
579
612
1001
1003
1004
1005
1436
1557
26
43
44
45
55
417
452
467
819
1001
1002
1004
1005
1006
1007
1008
1010
1131
1132
1137
1138
1170
1172
1192
1404
1434
1436
1437
1438
1517
1518
43
55
63
173
265
278
279
452
467
570
577
579
694
1001
1002
1003
1005
1006
1008
1041
1191
1192
1206
1247
1404
1434
1436
1437
1438
1517
1518
1557
5
13
26
43
44
45
47
55
134
172
417
570
819
883
1001
1002
1003
1004
1006
1007
1008
1010
1297
1298
1404
43
44
55
378
382
467
545
570
1001
1003
1004
1005
1170
1172
1206
1241
1434
5
26
43
47
55
159
164
169
170
172
173
417
418
525
526
527
556
575
819
992
1001
1003
1005
1179
43
45
55
134
416
1001
1003
1004
1005
1010
12
13
14
26
43
47
145
358
415
417
418
43
45
55
134
1001
1003
1005
1008
1138
44
486
1012
1014
1017
1018
2037
2038
2088
44
399
601
613
1011
1014
1016
1017
1018
1247
41
44
61
360
603
612
617
1016
1037
1210
1922
44
1011
1012
1018
44
190
607
608
1783
41
44
139
349
360
399
544
545
612
707
1012
1013
1462
1463
44
486
937
999
1011
1012
1018
1279
1414
1515
1784
2037
2038
2088
28
44
102
148
181
365
898
1011
1012
1014
1017
1108
1114
1728
1786
1989
2038
2040
2041
44
139
156
369
613
2126
44
61
22
23
75
574
637
712
1022
1023
22
23
64
75
386
574
637
776
958
981
1021
1023
1087
1088
1089
1139
1140
1141
1250
1251
1252
1284
1335
1423
1698
2080
22
23
75
574
637
1021
1022
171
26
47
70
116
415
417
418
530
647
743
866
867
870
874
876
877
878
989
1026
1027
1028
1466
1562
1563
34
42
252
415
416
418
518
575
676
743
800
860
865
866
867
870
874
877
878
989
1001
1025
1081
1229
1419
1420
1421
1435
1562
1563
1564
26
47
70
159
161
167
172
415
417
418
684
989
1025
1028
1169
1171
1172
1175
26
34
47
70
319
415
417
418
686
989
1025
1027
34
45
53
55
145
415
418
676
820
1356
703
289
326
497
1032
1033
1034
1035
326
1031
289
570
1031
266
371
923
1031
1035
1065
1066
1067
1068
1247
570
807
1031
1034
2041
41
360
399
402
462
544
545
574
601
603
616
617
643
672
673
887
1013
1210
1272
1382
1383
1464
1465
236
149
264
265
346
443
479
497
570
1004
1192
138
1043
1042
1270
15
123
622
736
794
795
797
798
817
820
1136
1352
1436
1448
1449
1675
1702
1046
1045
2054
42
137
371
494
624
639
1048
1049
1335
1407
1408
1586
2099
137
639
1047
1171
1173
1203
1205
1678
133
137
138
263
1047
1051
1247
1586
136
137
138
139
666
1052
1268
1584
1585
1586
1677
1678
137
139
308
311
313
465
666
694
945
1049
1052
1245
1371
1584
1587
1588
137
139
694
1050
1051
1171
1204
1558
1678
1780
137
433
1054
1055
1056
85
137
313
339
348
382
433
602
723
803
811
1053
1055
1056
1206
1247
1363
1434
1437
1631
1665
1685
1754
1755
2098
137
433
669
1053
1054
1056
1214
137
382
433
1053
1054
1055
137
181
486
1059
1058
1533
1534
654
23
75
207
208
209
211
212
218
221
222
223
360
376
945
311
1063
1064
311
1062
1064
311
1062
1063
1034
1066
1067
1068
452
807
1034
1065
1067
1068
1247
1456
1788
148
371
381
446
462
807
923
958
1034
1065
1066
1068
1241
1462
1788
1872
1034
1065
1066
1067
632
1070
134
632
1069
1100
1304
1305
378
382
651
795
1073
1074
1075
651
696
795
1072
1074
113
115
124
154
157
160
268
269
270
301
382
540
583
587
651
795
1072
1073
1624
378
382
1072
45
55
59
289
293
322
326
349
493
500
701
800
801
1077
1078
1079
45
55
268
269
325
648
659
700
800
801
1076
1401
59
72
90
294
349
493
601
603
612
661
669
1076
1079
1215
1625
59
265
275
277
287
289
293
322
453
493
579
1076
1078
1595
1596
517
518
743
860
865
866
870
878
1026
1229
1564
161
397
399
517
659
673
690
1210
1215
28
40
64
148
371
470
1084
1286
1462
1569
28
64
148
355
370
494
982
1083
28
64
66
147
148
149
150
300
324
363
367
370
466
958
1087
1090
1091
1094
64
272
360
366
367
368
495
707
709
710
64
66
147
148
149
150
464
982
1022
1085
1088
1089
1092
1093
1438
64
66
464
1022
1087
1089
1335
1579
1942
64
109
461
1022
1087
1088
1142
1408
1912
28
64
355
370
465
1085
1091
28
42
64
370
1085
1090
1407
1408
1409
64
624
1087
1612
28
64
66
148
367
709
982
1087
64
300
363
367
466
1085
1141
1335
583
58
1098
58
1097
134
393
592
595
600
608
630
631
633
922
1070
1227
1228
1304
1331
1332
1438
1505
1510
1671
1690
1691
1692
1694
1695
78
81
124
288
652
653
654
847
1102
1103
60
78
81
124
262
268
285
320
334
493
583
585
847
884
1101
1293
1723
79
81
82
124
319
684
686
1101
1393
352
489
1107
621
1106
1280
1565
28
102
109
129
148
263
365
893
898
900
999
1018
1109
1110
1111
1112
1113
1114
365
893
898
999
1108
1110
1112
1113
365
893
898
999
1108
1109
1112
1113
1108
365
893
898
1108
1109
1110
365
898
999
1108
1109
1110
1271
1321
1500
28
102
148
365
898
1018
1108
418
1116
73
74
128
174
319
382
418
553
686
785
1115
1447
1448
1449
1521
1551
1702
1703
1750
3
4
156
552
720
1120
1121
1122
1123
1124
1125
1126
1127
1128
1129
1130
720
1119
1121
1122
1123
1119
1120
762
940
966
1119
1120
198
1119
1120
1158
675
684
848
1119
1126
1280
720
1119
1618
42
180
210
216
247
346
442
497
621
882
1119
1124
1128
1129
1280
1303
762
1119
1189
1362
1393
1395
1119
1126
1129
621
1119
1126
1128
1119
1185
1352
736
794
817
820
1003
1132
1133
1134
1135
1136
1137
1138
1003
1131
1133
1134
1135
1137
1138
3
362
1131
1132
1134
1135
1456
1751
1753
1819
819
1131
1132
1133
1135
1131
1132
1133
1134
123
736
794
817
820
1044
1131
1675
5
1003
1131
1132
1138
16
514
568
570
684
1003
1010
1131
1132
1137
1247
1404
2173
201
891
1022
1250
1251
1252
1417
1548
386
600
776
981
1022
1141
386
463
703
776
981
1022
1094
1140
1335
41
776
981
1089
1438
1569
1904
1912
776
1145
40
462
776
1340
1884
776
1143
1147
1146
179
510
1151
1152
1153
1154
103
178
179
427
615
1150
1152
1153
1154
1659
1662
1663
1150
1151
1153
1154
1150
1151
1152
1154
1365
1150
1151
1152
1153
1158
1159
198
227
228
1123
1157
1159
1157
1158
1234
1461
1533
1836
1837
86
99
815
816
1161
1162
1163
1164
395
815
1160
1162
1163
1164
1169
1170
1171
1172
1173
1676
1677
1678
815
816
866
1160
1161
1163
1164
1170
1676
13
86
533
815
816
867
1160
1161
1162
1164
2208
815
816
866
1160
1161
1162
1163
13
62
559
815
862
867
873
1234
1915
3
4
5
42
58
72
342
397
398
742
799
815
1392
1515
1784
1847
200
485
1252
1417
1680
13
684
866
1027
1161
1170
1171
1172
1173
1174
1175
54
55
395
448
677
1003
1006
1161
1162
1169
1171
1172
1173
1434
1557
1676
1677
1678
13
684
866
1027
1048
1052
1161
1169
1170
1172
1173
1175
1558
1678
54
55
395
677
684
1003
1006
1027
1161
1169
1170
1171
1173
1175
1434
1677
1678
1048
1161
1169
1170
1171
1172
1677
1678
1780
2046
1169
174
684
862
863
864
865
868
870
872
875
1027
1169
1171
1172
1179
159
174
602
773
774
822
869
989
1177
1178
1421
1568
1642
159
160
174
602
730
736
773
774
821
822
869
989
1176
1178
1180
1181
1182
1183
1184
1185
1683
1684
1685
159
174
602
773
774
822
869
989
1176
1177
1180
1181
1182
1183
1184
159
163
164
167
168
169
170
171
176
556
686
717
773
774
819
1007
1175
1275
1619
773
774
821
822
989
1177
1178
1181
1182
1183
1184
773
774
989
1177
1178
1180
1182
1183
1184
46
55
62
485
528
531
730
773
774
848
989
1177
1178
1180
1181
1183
1184
1683
1684
1685
2039
46
773
774
848
989
1177
1178
1180
1181
1182
1184
1683
1684
1685
2039
134
773
774
821
822
989
1177
1178
1180
1181
1182
1183
1683
1684
73
160
553
659
679
686
720
730
736
773
774
789
794
798
799
801
817
820
821
822
1130
1177
1211
1352
1476
1585
1654
1655
1892
1994
2093
2241
791
848
1189
1190
848
1127
1188
1190
1328
1393
1395
1838
45
55
78
319
348
395
610
654
690
772
848
995
1188
1189
1406
1415
1577
1603
1604
452
1004
1192
452
570
694
704
1003
1004
1041
1191
1437
1194
1195
1196
1197
937
1193
1195
1196
1197
1193
1194
1196
1197
806
1193
1194
1195
1197
806
807
1193
1194
1195
1196
2041
966
995
1199
1200
1201
1198
762
966
995
1198
1201
1716
54
161
966
995
1198
1200
1227
1228
1280
1461
1857
2339
135
694
696
1048
1205
1351
694
1052
133
694
696
1048
1203
1206
5
339
382
545
570
694
696
1004
1006
1054
1205
1241
1247
1404
1434
1436
1437
1665
1208
1207
379
381
41
129
302
360
362
398
399
603
612
645
672
673
887
1013
1037
1082
1848
1922
397
399
645
659
672
673
1185
1382
1214
669
1055
1213
1284
59
103
399
583
601
603
604
605
606
612
659
663
664
669
673
1078
1082
1786
439
941
1218
1219
1217
941
1217
1221
89
1220
1342
1807
2005
2100
251
746
1223
1224
1457
1459
1532
746
951
1222
1224
1551
251
253
679
746
933
1222
1223
1258
1298
1388
1457
1458
1459
1532
1726
134
166
631
684
1226
1227
1228
332
630
631
633
1225
134
161
166
592
595
684
990
1100
1201
1225
1228
1331
1332
1503
1510
1671
1692
1694
1695
134
161
166
592
684
1100
1201
1225
1227
134
518
743
817
860
865
866
870
1026
1081
9
215
1231
1232
1233
1234
1235
1236
1237
9
206
207
215
218
220
229
1230
139
502
707
1230
704
1230
1234
1357
62
85
559
1159
1165
1230
1233
1350
1358
1732
2055
1230
1236
1237
308
311
580
1230
1235
1237
144
862
863
864
865
868
870
872
920
1230
1235
1236
1249
1355
1357
1641
462
464
465
469
1240
1241
1242
1243
1244
1245
110
462
464
465
469
1239
1241
1242
1243
1244
1245
446
462
465
469
544
545
1006
1067
1206
1239
1240
1242
1243
1244
1245
1462
1872
1239
1240
1241
446
462
464
465
469
1239
1240
1241
1244
1245
462
465
469
1239
1240
1241
1243
1245
59
360
462
465
469
1051
1239
1240
1241
1243
1244
1475
56
133
173
370
452
568
570
575
1001
1004
1012
1034
1049
1054
1066
1138
1206
1404
1434
1436
1685
34
139
416
418
676
758
847
1249
34
86
144
418
448
676
758
847
862
863
864
865
868
870
872
920
1001
1237
1248
1357
1641
887
1022
1139
1251
1252
182
1022
1139
1250
1252
1416
1417
1480
1022
1139
1168
1250
1251
78
121
125
610
1255
78
89
121
386
595
610
1254
1393
1394
1963
78
82
107
118
156
262
329
330
331
457
862
1257
1258
1351
1768
1805
1832
1837
1876
1902
1940
78
342
343
344
644
693
1256
1258
1574
1575
1768
1769
60
78
124
320
457
475
493
884
1224
1256
1257
1428
1653
1726
1902
1903
2242
78
666
1838
78
457
458
740
745
2163
1265
1264
136
138
139
142
1050
1584
1585
1586
1654
1779
123
1043
178
179
342
344
510
888
1113
1272
1273
178
179
1037
1271
1382
1383
1271
11
164
166
167
168
169
717
718
720
791
1352
1476
1616
1618
159
163
164
166
167
170
171
175
686
875
1179
164
166
593
931
1278
1279
1277
1279
1313
1840
1885
342
486
489
593
898
904
999
1017
1277
1278
1311
1414
1768
1805
1806
2034
2037
1107
1124
1126
1201
1281
1280
1650
42
58
72
139
149
150
266
300
355
441
475
1407
1652
59
72
601
612
669
1022
1214
1423
72
129
134
259
263
285
289
293
299
323
324
453
498
500
641
788
28
40
72
148
366
370
608
618
621
1083
1462
1643
2160
329
580
780
782
1293
917
60
124
262
285
329
334
780
884
1102
1289
1295
242
413
1294
1508
1706
1880
13
85
86
91
541
654
668
1714
1715
1732
13
996
1005
1298
1508
1509
13
81
1005
1224
1297
1388
1457
1458
1459
13
1300
1301
13
28
47
58
66
366
371
503
570
982
1299
1301
1456
1612
1784
13
1299
1300
1689
566
647
180
621
1126
134
632
1070
1100
1305
134
1070
1304
626
769
1307
1308
472
626
703
769
1306
1340
1306
552
593
601
603
679
933
1311
181
552
593
601
603
613
898
1279
1310
3
4
6
7
348
593
666
811
1459
178
208
593
1278
1885
2007
103
154
593
621
998
2006
2007
753
981
739
744
814
1763
457
1319
457
1318
1903
1985
935
936
18
398
421
899
935
936
1113
1522
967
1324
1323
1327
1328
657
1326
1411
1189
1326
388
404
592
843
1807
388
404
647
1331
1540
1857
388
595
1100
1227
1330
1510
1671
1694
1695
134
388
592
1100
1227
1464
1512
472
703
1335
42
371
703
1022
1047
1088
1094
1141
1334
1407
1579
472
703
920
703
1338
1339
703
1337
1339
461
703
893
941
1337
1338
1772
245
472
703
769
1144
1307
1664
1942
45
53
55
62
206
212
449
528
531
533
541
1342
1221
1341
1957
1345
1344
763
1348
1349
1350
947
1347
1349
1350
1388
1399
1512
1692
2110
93
208
457
710
870
904
1347
1348
1350
1351
1358
1581
1607
1839
1878
2078
96
242
559
904
1234
1347
1348
1349
1359
1450
2057
89
93
135
319
691
694
696
862
867
1203
1256
1349
1352
1378
114
164
319
622
684
685
720
791
794
801
821
822
862
1044
1130
1185
1274
1351
1447
1448
1449
1472
1519
1655
1675
1702
862
864
449
541
561
668
862
863
864
865
868
870
872
873
1355
1376
144
862
863
864
865
868
870
872
873
920
1237
1354
1357
1641
2016
418
684
820
862
863
1029
19
144
246
386
600
608
614
704
752
796
862
863
864
865
868
870
872
920
922
948
949
1233
1237
1249
1355
1383
1441
1505
1575
1641
2015
2016
2017
85
86
87
216
442
541
710
862
867
904
1234
1349
1359
1839
1877
1878
216
442
541
862
867
876
1350
1358
1533
1536
1839
1880
2055
2056
2057
236
1362
225
1127
1361
1393
1647
2070
85
139
313
602
723
803
1054
1153
1366
1365
24
109
263
277
287
299
300
324
336
366
372
569
958
308
311
313
1051
1469
308
311
218
1374
218
1373
88
242
251
449
541
668
818
1354
1556
1713
1787
1804
2067
2181
325
648
701
135
1351
244
443
450
615
1037
1211
1272
1383
1384
1385
345
484
510
796
899
933
1037
1272
1357
1382
1384
1573
1574
1575
2015
2016
2017
2290
1382
1383
1708
35
51
615
616
1382
1623
1682
1830
1831
34
418
528
675
676
759
847
1388
34
610
675
676
759
772
848
885
917
996
1000
1224
1298
1348
1387
1402
1457
541
668
28
433
644
1391
28
433
644
895
1390
353
397
398
838
1166
1847
135
225
319
539
686
772
836
939
955
966
1103
1127
1189
1255
1362
1394
1395
1396
1397
1398
1399
1255
1393
1127
1189
1393
539
966
970
972
976
1393
1608
1609
319
686
1393
125
1393
1609
2070
940
956
1348
1393
1452
114
152
772
871
925
1077
1402
34
114
152
676
759
772
848
871
925
1000
1388
1401
173
556
796
822
56
97
98
173
370
447
448
449
541
568
570
575
578
612
875
1001
1003
1004
1005
1138
1206
1247
1434
1436
1437
1438
1529
1568
98
173
447
448
501
575
875
989
1421
1556
319
772
1190
42
58
150
362
366
367
370
371
441
475
1047
1091
1283
1335
1408
1409
42
349
355
490
1047
1089
1091
1407
1409
1525
42
1091
1407
1408
3
4
6
236
358
624
849
1612
1639
1327
12
87
90
92
292
821
849
867
1732
1785
1905
1906
292
326
486
999
1017
1279
1415
2037
292
319
326
348
395
1190
1414
182
615
1251
1417
1418
485
1139
1168
1251
1416
1480
1548
1680
61
182
614
615
890
1416
12
42
68
70
575
730
800
989
1026
1420
1421
1528
1529
42
419
575
800
989
1026
1419
1421
9
42
90
97
449
541
575
675
774
800
989
1026
1176
1405
1419
1420
1568
1642
1787
1022
1284
247
445
214
1426
1425
475
863
1258
1653
677
189
918
1817
189
967
1545
189
967
968
5
14
34
55
339
382
416
418
676
819
1001
1003
1004
1006
1054
1170
1172
1206
1247
1404
1437
1552
1665
34
54
55
416
418
676
1001
1026
1639
579
817
1001
1002
1003
1004
1044
1206
1247
1404
1517
1518
1585
5
55
339
382
819
1001
1003
1004
1054
1192
1206
1404
1434
1438
1665
600
631
1001
1003
1004
1087
1100
1142
1404
1437
1441
19
386
614
948
949
1357
1440
536
1443
1444
536
1442
1444
536
1442
1443
690
961
1447
1448
1449
1450
553
1116
1352
1446
1448
1449
1450
1702
553
554
558
791
817
1044
1116
1352
1446
1447
1449
1450
1551
1675
1702
1750
56
553
554
791
1044
1116
1352
1446
1447
1448
1450
1550
1551
1675
1702
1750
553
559
1350
1446
1447
1448
1449
1702
710
1452
710
956
1399
1451
1461
129
299
324
569
24
299
300
327
1455
24
42
216
299
300
327
348
1454
1787
28
147
362
366
570
1066
1133
1300
1612
1720
251
530
679
933
1222
1224
1298
1388
1458
1459
251
253
338
1224
1298
1457
1532
1822
81
251
666
816
947
1222
1224
1298
1312
1457
1639
1640
1726
1461
230
956
1159
1201
1452
1460
1533
1827
1837
2339
2367
28
40
41
148
446
462
470
544
545
1016
1067
1083
1241
1286
1463
1872
1873
28
31
41
56
470
544
545
612
1016
1462
1669
1874
1944
41
56
58
134
360
402
462
470
544
545
603
1037
1332
1465
1503
1510
1511
1512
41
360
402
462
470
544
545
603
1037
1464
446
544
866
867
870
874
877
878
1025
61
544
1746
1831
1469
614
1371
1468
814
835
1472
23
75
114
695
697
801
821
822
1352
1471
1655
1745
1746
1835
363
465
541
837
838
1474
1475
1654
1791
1800
465
1245
1474
720
736
789
791
798
799
1185
1274
116
652
1251
1417
657
1482
1481
2307
30
441
476
568
1489
1490
1491
1492
1493
1494
1495
1496
1497
1498
30
441
476
568
1488
1490
1491
1492
1493
1494
1495
1496
1497
1498
30
441
476
568
1488
1489
1491
1492
1493
1494
1495
1496
1497
1498
30
300
441
472
476
568
1488
1489
1490
1492
1493
1494
1495
1496
1497
1498
30
441
476
568
1488
1489
1490
1491
1493
1494
1495
1496
1497
1498
30
441
476
568
1488
1489
1490
1491
1492
1494
1495
1496
1497
1498
1943
30
441
476
568
1488
1489
1490
1491
1492
1493
1495
1496
1497
1498
30
441
476
568
1488
1489
1490
1491
1492
1493
1494
1496
1497
1498
30
441
476
568
1488
1489
1490
1491
1492
1493
1494
1495
1497
1498
30
441
476
568
1488
1489
1490
1491
1492
1493
1494
1495
1496
1498
30
441
476
568
1488
1489
1490
1491
1492
1493
1494
1495
1496
1497
813
570
605
606
614
618
1113
1501
1502
1503
1500
1502
1500
1501
441
987
1227
1464
1500
1510
134
246
386
600
608
630
631
752
922
1100
1357
246
600
752
1507
54
246
252
390
600
752
1506
1551
1726
1727
1295
1297
1744
996
1297
595
1100
1227
1331
1464
1503
1671
1694
1695
56
58
697
1464
1332
1348
1464
1692
35
113
301
324
409
410
1515
216
242
342
409
410
442
486
937
1017
1166
1514
1784
2041
1003
1004
1436
1518
1003
1004
1436
1517
164
174
720
1352
174
686
723
1521
1949
174
319
602
686
723
1116
1520
1321
89
235
236
666
917
1524
1525
1526
1527
89
666
778
1523
1525
1526
1527
42
355
1408
1523
1524
2049
2301
89
666
1523
1524
1527
552
666
1523
1524
1526
1673
1674
1849
12
159
164
554
555
556
774
875
1419
1529
448
575
578
1404
1419
1528
1718
1785
400
518
610
835
1531
400
609
835
1530
251
253
326
338
417
1222
1224
1458
1059
1159
1359
1461
1534
1837
1059
1533
876
917
1536
207
209
215
552
621
866
870
876
917
1359
1535
1567
10
11
54
161
525
553
558
798
859
1561
161
518
739
1330
1775
1893
134
161
987
161
623
157
527
795
1545
1546
1432
1544
1861
2264
1544
2205
2211
61
1139
1417
56
58
503
556
557
1449
1551
1552
54
56
58
252
390
554
951
1116
1223
1448
1449
1507
1550
1726
1727
1750
56
58
428
1434
1550
2044
61
350
351
608
85
88
98
195
447
448
449
501
541
575
1376
1405
1820
124
265
274
279
288
448
577
579
1002
1004
1170
1052
1171
686
849
875
114
171
319
554
555
1539
116
530
647
743
867
870
874
877
878
1025
1026
1563
116
530
647
666
743
867
870
874
876
877
878
1025
1026
1562
518
743
1026
1081
1107
621
866
870
876
1536
9
97
98
158
447
449
541
612
774
1176
1404
1421
1642
41
702
1083
1142
182
113
115
116
117
651
1572
115
117
305
794
795
1571
1574
1575
1769
179
345
484
616
796
890
899
933
1383
1574
1575
342
343
344
345
484
644
693
747
796
1257
1383
1572
1573
1575
1766
1767
1768
1769
342
343
344
484
644
693
747
796
1257
1357
1383
1572
1573
1574
1580
1766
1768
1769
2015
2016
2017
609
688
704
319
609
610
654
883
1190
609
1088
1335
743
1575
1581
457
743
1349
1580
1607
131
132
133
136
139
666
945
1050
1051
1268
1585
1586
1587
1588
73
131
132
133
136
327
553
666
1050
1185
1268
1436
1584
1586
1654
138
139
1047
1049
1050
1268
1584
1585
1654
1779
1780
139
666
715
739
740
741
1051
1584
1678
89
528
666
883
945
1051
1584
149
279
326
339
570
614
869
1591
1592
1593
1594
570
1590
570
1590
1593
1594
1932
2004
1590
1592
1594
1932
1590
1592
1593
1932
2004
1079
1596
58
262
277
281
332
339
582
768
1079
1595
1888
206
224
1986
1601
1600
972
975
319
433
690
1190
319
1190
54
158
319
553
554
557
558
319
1807
2052
319
457
458
675
759
870
1349
1581
110
970
975
1396
1699
1700
1701
970
976
1396
1398
123
124
580
1611
123
1610
4
47
66
147
371
624
849
900
982
1092
1300
1410
1456
1719
413
2202
1615
1614
1651
2103
11
717
718
720
803
1274
1617
1618
1619
57
720
801
803
1616
1992
717
718
720
1125
1274
1616
164
169
803
1179
1616
421
1622
1621
300
1385
1682
1830
1831
115
154
1074
59
294
349
493
1078
230
1627
230
1626
230
763
1839
2139
1054
31
32
277
326
500
33
48
289
326
333
500
788
1636
1637
1638
1635
1635
1638
1635
1637
54
55
236
358
416
947
1410
1435
1459
1640
947
1459
1639
144
920
1237
1249
1355
1357
2016
9
774
1176
1421
1568
621
1286
337
337
68
958
1647
1362
1646
2070
2107
1650
1281
1649
1615
475
690
767
795
1283
1772
475
1258
1428
73
132
136
327
541
553
837
838
1185
1268
1474
1585
1586
1780
1791
2095
114
134
160
527
622
801
821
822
1185
1352
1472
669
1658
1657
178
427
510
1151
1660
1661
1662
1663
110
615
1659
2048
2050
1659
427
1151
1659
1663
2002
2061
427
1151
1659
1662
1340
339
378
382
1054
1206
1434
1437
115
129
149
242
1668
25
115
129
149
331
453
1667
31
612
1463
1670
1669
134
402
592
595
630
1100
1227
1331
1510
1694
1695
2013
1527
1674
552
1527
1673
15
123
553
558
622
736
794
817
820
1044
1136
1352
1448
1449
1702
1703
1161
1162
1170
2092
1050
1161
1170
1172
1173
1678
1893
2046
136
666
1048
1050
1052
1161
1170
1171
1172
1173
1587
1677
1780
1803
2046
227
485
1168
1417
103
110
485
1682
2008
485
1385
1623
1681
1831
510
988
1177
1182
1183
1184
1684
1177
1182
1183
1184
1683
348
811
1054
1177
1182
1183
1247
1754
1755
1301
592
1100
134
592
608
631
633
1100
134
592
595
1100
1227
1348
1512
836
134
595
1100
1227
1331
1510
1671
1695
595
1100
1227
1331
1510
1671
1694
79
81
385
386
608
950
385
957
958
1022
2011
110
539
966
1608
1700
1701
110
1608
1699
1701
110
457
458
1608
1699
1700
2049
553
554
557
558
559
791
817
1044
1116
1352
1447
1448
1449
1450
1675
1703
73
553
558
817
1116
1675
1702
25
220
84
96
207
209
212
218
220
224
229
86
91
220
242
244
410
1295
1757
1708
1709
1384
1707
1709
1707
1708
85
90
1376
1714
1715
85
90
92
654
1296
1713
1715
1732
1733
1905
1906
85
90
654
1296
1713
1714
1732
762
1200
23
29
109
147
608
869
1718
1719
23
51
869
1529
1717
1719
12
23
36
42
66
236
330
578
869
982
1612
1717
1718
1456
984
42
265
268
269
270
382
583
585
587
882
1102
38
675
952
1725
38
675
952
1724
54
251
252
390
1224
1258
1459
1507
1551
1727
54
252
390
1507
1551
1726
1018
85
87
90
92
502
652
653
654
1234
1296
1413
1714
1715
1905
1906
85
1714
1736
1737
1735
1737
1735
1736
209
218
1739
209
218
1738
1741
1740
1508
23
75
1472
1746
23
75
618
888
1467
1472
1745
1831
1749
768
1748
554
951
1116
1448
1449
1551
196
197
1133
1752
1753
196
1751
1133
1751
1819
348
811
1054
1685
1755
348
811
1054
1685
1754
33
526
1794
2019
207
215
217
1706
178
360
570
608
614
618
664
869
887
1833
1834
1763
1764
342
344
489
1317
1762
1764
342
344
345
489
1762
1763
739
747
1574
1575
1956
602
796
1574
107
118
342
343
344
489
644
693
1256
1257
1279
1574
1575
1769
1805
1806
1876
2117
342
343
344
644
693
1257
1572
1574
1575
1768
382
427
1771
1773
1774
382
427
1770
1773
1774
10
11
378
382
640
690
767
795
941
1339
1652
382
1770
1771
1774
382
427
1770
1771
1773
1540
1777
1778
1776
1949
193
1776
1910
1268
1586
1052
1173
1586
1654
1678
762
190
1015
1889
1912
2053
5
58
134
342
486
503
562
742
799
937
1017
1166
1300
1515
12
849
870
878
1413
1529
61
181
342
343
344
360
663
1018
1215
1989
42
216
348
675
818
1376
1421
1455
2067
807
1066
1067
541
837
838
1474
1654
1756
42
2198
1797
666
1796
1838
1839
427
966
1474
1678
342
449
541
1376
2181
107
118
342
489
1256
1279
1768
1806
1876
342
489
1279
1768
1805
125
404
1221
1329
1606
372
1871
1810
967
1809
2071
2072
2074
1813
1814
1812
1814
1812
1813
2216
1817
1431
1816
59
259
261
263
266
277
287
332
349
1133
1753
1556
123
1458
1824
1823
1461
358
729
1829
729
1828
1385
1623
178
603
615
616
617
1385
1467
1623
1682
1746
2048
156
262
329
330
331
333
1256
1759
1834
178
360
618
664
887
1759
1833
695
697
1472
1159
1159
1256
1461
1533
252
666
966
1189
1259
1797
1839
2007
666
710
904
1349
1358
1359
1628
1797
1838
1878
1938
1939
1940
82
96
1278
81
96
348
778
34
418
676
758
1000
1844
1845
1846
1843
1845
1846
1843
1844
1846
1843
1844
1845
353
1166
1392
360
398
399
645
1210
236
914
1527
378
380
560
972
973
1856
560
972
1855
54
55
647
1201
1330
638
929
1545
1862
1863
1864
929
1861
1863
1864
929
1861
1862
929
1861
1862
1868
1869
971
1867
1869
1937
1867
1868
1808
148
446
462
1067
1241
1462
148
446
1462
28
31
470
1463
562
812
107
118
1256
1768
1805
1358
710
904
1349
1358
1839
152
1295
1359
1958
40
462
40
462
1144
33
208
992
1278
1313
15
562
794
799
817
820
1888
154
1596
1887
1783
446
561
822
1185
612
739
747
814
1540
1677
1894
1895
1896
1897
533
612
747
1893
1895
1896
1897
1893
1894
533
612
1893
1894
1897
533
612
1893
1894
1896
1899
1898
1901
1900
457
1256
1258
1903
457
1258
1319
1902
1985
704
981
1142
87
90
92
1413
1714
1732
1906
87
90
92
1413
1714
1732
1905
57
1778
972
1089
1142
1783
873
1165
546
179
977
41
1013
1210
2257
1925
1924
315
2021
2022
967
1929
1947
238
967
969
1987
967
1927
2162
967
1592
1593
1594
149
279
569
580
780
787
971
1868
1839
1939
1940
1839
1938
1940
1256
1839
1938
1939
2277
1088
1340
340
1493
31
612
1463
1947
1927
1946
1520
1777
1951
1950
921
739
1766
1342
684
1880
391
238
238
386
1255
260
375
988
743
917
1972
1971
1985
1319
1903
1984
1597
1987
1988
1928
1986
1988
1986
1987
2165
61
204
360
806
807
937
1018
1786
2040
2041
2042
555
556
557
558
559
57
313
720
801
803
1617
1185
688
110
433
434
615
433
895
433
433
902
1662
2003
2061
433
2002
2061
1592
1594
1221
103
1314
2007
103
1313
1314
1838
2006
2115
103
110
1681
2008
781
19
252
781
1698
2148
2214
134
402
1671
1357
1383
1575
2016
2017
1355
1357
1383
1575
1641
2015
2017
1357
1383
1575
2015
2016
1756
41
1926
2022
1926
2021
985
2026
2027
2025
2025
565
855
855
855
2034
1279
2033
25
273
486
999
1011
1017
1279
1414
2038
486
1011
1017
1018
2037
2088
1182
1183
937
1018
1989
2041
2042
216
806
807
937
1018
1035
1197
1515
1989
2040
2042
1989
2040
2041
63
428
1552
1173
1677
1678
110
2060
110
615
1660
1831
2050
110
457
458
1525
1701
110
1660
2048
1606
1783
1046
1234
1359
2056
1359
2055
1350
1359
2047
1662
2002
2003
242
309
332
580
1376
1787
225
1362
1398
1647
2331
1810
2072
2073
2074
1810
2071
2073
2074
2071
2072
1810
2071
2072
1349
553
558
1022
105
118
486
1011
1017
2038
358
1676
736
789
1185
2241
1654
570
1054
25
494
570
1047
1221
1615
242
1647
1348
2113
2114
2112
2114
2112
2113
2007
1768
2122
2121
246
310
311
2126
2127
1019
2125
2125
608
677
918
1628
45
53
55
62
869
2144
2145
2143
2145
2143
2144
2148
2011
2147
2149
2148
533
927
502
1286
1929
457
458
1260
1988
2169
2168
16
514
1138
449
541
1376
1804
57
242
1795
2200
2199
1613
1546
54
16
514
1163
1546
2011
1814
941
2224
2223
2233
2232
704
2236
2235
1185
2093
1258
2248
2247
1922
2263
2262
1545
235
1940
154
1383
2292
2291
685
1525
1482
956
2070
2332
2331
235
1201
1461
1461
